0,0,0
0,0,0.0
0,0,0.0
0,0.0,0.0
0,0.0,0.0
0,0.0,0.0
0,0.0,0.0
0,0.0,0.0
0,0.0,0.0
0,0.0,0.0
0,0.0,0.0
0,0.0,0.0
0.0,0.0,0.0
0.0,0.0,0.0
0.0,0.0,0.0
0.0,0.0,0.0
0.0,0.0,0.0
0.0,0.0,0.0
0.0,0.0,0.0
0.0,0.0,0.0
0.0,0.0,0.0
0.0,0.0,0.0
0.0,0.0,0.0
0.0,0.0,0.0
0.0,0.0,0.0
0.0,0.0,0.0
0.0,0.0,0.0
0.0,0.0,0.0
0.0,0.0,0.0
0.0,0.0,0.0
0.0,0.0,0.0
0.0,0.0,0.0
0.0,0.0,0.0
0.0,0.0,0.0
0.0,0.0,0.0
0.0,0.0,0.0
0.0,0.0,0.0
0.0,0.0,0.0
0.0,0.0,0.0
0.0,0.0,0.0
0.0,0.0,0.0
0.0,0.0,0.0
0.0,0.0,0.0
0.0,0.0,0.0
0.0,0.0,0.0
0.0,0.0,0.0
0.0,0.0,0.0
0.0,0.0,0.0
0.0,0.0,0.0
0.0,0.0,0.0
0.0,0.0,0.0
0.0,0.0,0.0
0.0,0.0,0.0
0.0,0.0,0.0
0.0,0.0,0.0
0.0,0.0,0.0
0.0,0.0,0.0
0.0,0.0,0.0
0.0,0.0,0.0
0.0,0.0,0.0
0.0,0.0,0.0
0.0,0.0,0.0
0.0,0.0,0.0
0.0,0.0,0.0
0.0,0.0,0.0
0.0,0.0,0.0
0.0,0.0,0.0
0.0,0.0,0.0
0.0,0.0,0.0
0.0,0.0,0.0
0.0,0.0,0.0
0.0,0.0,0.0
0.0,0.0,0.0
0.0,0.0,0.0
0.0,0.0,0.0
0.0,0.0,0.0
0.0,0.0,0.0
0.0,0.0,0.0
0.0,0.0,0.0
0.0,0.0,0.0
0.0,0.0,0.0
0.0,0.0,0.0
0.0,0.0,0.0
0.0,0.0,0.0
0.0,0.0,0.0
0.0,0.0,0.0
0.0,0.0,0.0
0.0,0.0,0.0
0.0,0.0,0.0
0.0,0.0,0.0
0.0,0.0,0.0
0.0,0.0,0.0
0.0,0.0,0.0
0.0,0.0,0.0
0.0,0.0,0.0
0.0,0.0,0.0
0.0,0.0,0.0
0.0,0.0,0.0
0.0,0.0,0.0
0.0,0.0,0.0
0.0,0.0,0.0
0.0,0.0,0.0
0.0,0.0,0.0
0.0,0.0,0.0
0.0,0.0,0.0
0.0,0.0,0.0
0.0,0.0,0.0
0.0,0.0,0.0
1.5707963267948966,0.2773115410039259,0.0
1.5707963267948966,0.8313339414015006,0.0
1.5707963267948966,1.0,0.18013994730000005
1.5707963267948966,0.9395132480803017,0.3492515658753519
1.5707963267948966,0.8096658488793776,0.49484065079591993
1.5707963267948966,0.7168187156052169,0.6239326519944429
1.5707963267948966,0.6378477119762234,0.7387960452944848
1.5707963267948966,0.5646677706944442,0.840494669346717
1.5707963267948966,0.49907636358822144,0.9302779969504715
1.5707963267948966,0.4414906142446603,1.0096735709645341
1.5707963267948966,0.39073765364631213,1.0800669839151436
1.5707963267948966,0.345762807847417,1.1423355393010992
1.5707963267948966,0.3058871695926409,1.1973844130762719
1.5707963267948966,0.2705880499380187,1.2460798224534433
1.5707963267948966,0.23937955146787465,1.2891732886173968
1.5707963267948966,0.2117649279184518,1.3272831235897793
1.5707963267948966,0.18731736243687974,1.3610025881225665
1.5707963267948966,0.16567847094630575,1.3907968837807299
1.5707963267948966,0.14653107308573138,1.417172200256189
1.5707963267948966,0.12959272460605634,1.4404992299719916
1.5707963267948966,0.11459301794298463,1.461127305895609
1.5707963267948966,0.10131242987263715,1.4793697215275443
1.5707963267948966,0.08955878892552503,1.495481486704222
1.5707963267948966,0.07915817349656286,1.5097580723046093
1.5707963267948966,0.06995026217173969,1.5223299701495814
1.5707963267948966,0.061799431487412335,1.5334604080017105
1.5707963267948966,0.05459100774748224,1.5432865340086048
1.5707963267948966,0.048213340078555184,1.5519662718700995
1.5707963267948966,0.04256563334896879,1.5596278593513828
1.5707963267948966,0.03756787049810082,1.5663904887729367
1.5707963267948966,0.03314559855606432,1.5723563921171093
1.5707963267948966,0.02923214469158413,1.577612910482349
1.5707963267948966,0.025769797899896776,1.5822545552006382
1.5707963267948966,0.0227061987734091,1.586339289437923
1.5707963267948966,0.01999390605477381,1.5899404757798699
1.5707963267948966,0.017593096735780918,1.5931094914386885
1.5707963267948966,0.015468025920483935,1.5958898235863228
1.5707963267948966,0.013587913704552293,1.598338112355813
1.5707963267948966,0.011925467222551665,1.600484397576235
1.5707963267948966,0.010453771644682523,1.6023644977530922
1.5707963267948966,0.009151524167486321,1.6040133140014499
1.5707963267948966,0.007999612422085158,1.605453103822628
1.5707963267948966,0.00698003145867877,1.6067096385934363
1.5707963267948966,0.006077832218908962,1.6078025518558778
1.5707963267948966,0.005280120110838945,1.608753042813838
1.5707963267948966,0.004574697857878507,1.609577189501618
1.5707963267948966,0.003950327628430568,1.6102875874814246
1.5707963267948966,0.003398107288912409,1.6108997814081338
1.5707963267948966,0.002908031359731937,1.6114232696090165
1.5707963267948966,0.002477353104277609,1.611868427265089
1.5707963267948966,0.00209608815535086,1.612245981841056
1.5707963267948966,0.0017583863515750163,1.6125628306604143
1.5707963267948966,0.0014592207776822803,1.6128255086237293
1.5707963267948966,0.0011949780426571792,1.6130405798503995
1.5707963267948966,0.0009616140246980383,1.61321352618438
1.5707963267948966,0.0007558088205243986,1.6133496895467396
1.5707963267948966,0.000573481814993896,1.613452906699676
1.5707963267948966,0.0004128142602014377,1.613527159072875
1.5707963267948966,0.0002704567935276868,1.6135758374191447
1.5707963267948966,0.00014515653710822987,1.6136019656642802
1.5707963267948966,3.487824968869194e-05,1.6136082433016905
1.5707963267948966,-6.28836966807822e-05,1.6135969240041912
1.5707963267948966,-0.0001490154734131617,1.6135700954570402
1.5707963267948966,-0.00022517978283633985,1.6135295700926229
1.5707963267948966,-0.00029205157717790767,1.6134769930881432
1.5707963267948966,-0.00035044185725073215,1.6134139266983514
1.5707963267948966,-0.00040209204427520476,1.6133415457990055
1.5707963267948966,-0.0004480802723618657,1.6132608856581963
1.5707963267948966,-0.0004880510976176082,1.6131730470165846
1.5707963267948966,-0.0005230802467232898,1.613078803205954
1.5707963267948966,-0.0005541910921006317,1.6129790763745084
1.5707963267948966,-0.000580534706444414,1.6128745409877565
1.5707963267948966,-0.0006039780251052805,1.61276573627117
1.5707963267948966,-0.0006258357446110932,1.6126532225170382
1.5707963267948966,-0.0006416851922424298,1.6125376895512094
1.5707963267948966,-0.0006575608918858895,1.6124194325512442
1.5707963267948966,-0.0006708500284688876,1.6122985826400216
1.5707963267948966,-0.0006822571748478813,1.612175858740518
1.5707963267948966,-0.0006923245675285322,1.6120512413283954
1.5707963267948966,-0.000700813886065365,1.6119249922408934
1.5707963267948966,-0.0007077807294612985,1.6117975356380683
1.5707963267948966,-0.0007141888091883944,1.6116690485911178
1.5707963267948966,-0.0007190193612766071,1.6115396098011137
1.5707963267948966,-0.000723458403965177,1.6114094467128395
1.5707963267948966,-0.0007268212136731199,1.6112785691124307
1.5707963267948966,-0.00072960954832825,1.611147247033838
1.5707963267948966,-0.0007313843617278715,1.6110155891855522
1.5707963267948966,-0.000733254962104371,1.6108836021599342
1.5707963267948966,-0.0007344032464009567,1.6107514437400947
1.5707963267948966,-0.0007351795979977441,1.6106191809497852
1.5707963267948966,-0.0007354047220394407,1.6104866995011318
1.5707963267948966,-0.0007353899150528143,1.610354340804169
1.5707963267948966,-0.0007351756501390756,1.610221989752261
1.5707963267948966,-0.0007344641377474842,1.6100899158799744
1.5707963267948966,-0.0007336301777750957,1.6099577287669842
1.5707963267948966,-0.0007327306096094402,1.60982595923382
1.5707963267948966,-0.0007315104599693659,1.6096941659851012
1.5707963267948966,-0.0007307058109466587,1.6095626472181008
1.5707963267948966,-0.0007292389893111748,1.6094315178008367
1.5707963267948966,-0.0007269281807842955,1.609300540920149
1.5707963267948966,-0.0007255563944841038,1.6091699359114693
1.5707963267948966,-0.0007237876304832386,1.6090395818889216
1.5707963267948966,-0.0007220072317695864,1.608909689497884
1.5707963267948966,-0.0007196483989980948,1.6087802244062648
1.5707963267948966,-0.0007181130545473383,1.6086510205768265
1.5707963267948966,-0.0007160797499063294,1.6085220060336574
1.5707963267948966,-0.0007142045219384122,1.6083934323312
1.5707963267948966,-0.0007117093672591446,1.6082653724145277
1.5707963267948966,-0.0007097304403485515,1.608137591969533
1.5707963267948966,-0.0007078318782526051,1.6080101829608684
1.5707963267948966,-0.0007055158210260183,1.6078832942370596
1.5707963267948966,-0.0007037783816833815,1.6077565006863197
1.5707963267948966,-0.0007012031627953996,1.6076304011462814
1.5707963267948966,-0.0006985875487782837,1.6075044445973712
1.5707963267948966,-0.0006968963828757925,1.6073792281233965
1.5707963267948966,-0.0006943150812753832,1.6072542494416333
1.5707963267948966,-0.0006918857026884419,1.6071295996781991
1.5707963267948966,-0.0006897576850103809,1.607005444005072
1.5707963267948966,-0.0006875729330240721,1.60688183340095
1.5707963267948966,-0.0006854143974544466,1.6067584192172684
1.5707963267948966,-0.0006832497800648464,1.6066353134210587
1.5707963267948966,-0.0006810200914133327,1.6065127391277008
1.5707963267948966,-0.0006787919670414796,1.606390561788385
1.5707963267948966,-0.0006762236161490937,1.6062688378810015
1.5707963267948966,-0.000673782430709851,1.6061476609659915
1.5707963267948966,-0.0006717552155866384,1.6060267511963173
1.5707963267948966,-0.0006693863541418349,1.6059062620550069
1.5707963267948966,-0.0006675194064820061,1.605786033478523
1.5707963267948966,-0.0006651344654360243,1.6056662562961854
1.5707963267948966,-0.0006628543103373193,1.6055469565731013
1.5707963267948966,-0.0006605535950083771,1.6054281675960078
1.5707963267948966,-0.0006581494522756026,1.6053096845665145
1.5707963267948966,-0.0006559960332608618,1.6051916245368976
1.5707963267948966,-0.0006540271070709994,1.6050739102952452
1.5707963267948966,-0.0006516557042265149,1.6049565968596287
1.5707963267948966,-0.0006493297386314274,1.6048397269528643
1.5707963267948966,-0.0006473152238624692,1.6047232060179664
1.5707963267948966,-0.0006450175735657829,1.6046070889867825
1.5707963267948966,-0.0006428621623030296,1.6044913856329175
1.5707963267948966,-0.0006404786371867928,1.6043760935409868
1.5707963267948966,-0.0006383861706753813,1.6042611911259275
1.5707963267948966,-0.0006362069428758575,1.6041466662041268
1.5707963267948966,-0.0006337775771056396,1.6040324748343178
1.5707963267948966,-0.0006329396149365139,1.6039186570437212
1.5707963267948966,-0.0006294830769570589,1.6038053593827384
1.5707963267948966,-0.0006273707172501745,1.6036924237420205
1.5707963267948966,-0.0006253203675415583,1.6035798918116106
1.5707963267948966,-0.0006229118476187671,1.6034677345037511
1.5707963267948966,-0.0006211307078864831,1.603355840985672
1.5707963267948966,-0.0006189983164359113,1.6032443782277865
1.5707963267948966,-0.0006168446139292669,1.6031333804517707
1.5707963267948966,-0.0006147086419365129,1.603022749885601
1.5707963267948966,-0.0006126218766818181,1.6029124696399104
1.5707963267948966,-0.0006105485578645556,1.6028025450644992
1.5707963267948966,-0.0006084568821491873,1.6026930472141245
1.5707963267948966,-0.0006061837560033707,1.6025840342683855
1.5707963267948966,-0.0006041387934419655,1.602475196182462
1.5707963267948966,-0.0006020683023192537,1.602366820503036
1.5707963267948966,-0.0006001110860105359,1.6022589390383373
1.5707963267948966,-0.0005980991592734533,1.6021511348584287
1.5707963267948966,-0.0005961951552970746,1.602043826357184
1.5707963267948966,-0.0005941650330484084,1.601936808926404
1.5707963267948966,-0.0005920726751921651,1.6018302910838291
1.5707963267948966,-0.0005899890579250111,1.601724191521278
1.5707963267948966,-0.0005879342727623318,1.601618295202544
1.5707963267948966,-0.0005860100701370781,1.6015127223258885
1.5707963267948966,-0.0005841946547389572,1.6014076509998578
1.5707963267948966,-0.0005820032730378955,1.6013028699043494
1.5707963267948966,-0.0005802878052020947,1.6011984229308311
1.5707963267948966,-0.0005779676412748166,1.6010943969158422
1.5707963267948966,-0.0005759680753611857,1.6009907065709967
1.5707963267948966,-0.0005739801979532978,1.6008873404763202
1.5707963267948966,-0.0005721604880826771,1.6007844023913391
1.5707963267948966,-0.0005700628636456928,1.6006817378411324
1.5707963267948966,-0.0005681855686694055,1.60057947660675
1.5707963267948966,-0.0005661834550241968,1.6004776928253348
1.5707963267948966,-0.000564162789738757,1.6003760648128256
1.5707963267948966,-0.0005623508797072026,1.6002748446466346
1.5707963267948966,-0.0005604187275716245,1.6001740606440433
1.5707963267948966,-0.0005585359786667368,1.6000734233509104
1.5707963267948966,-0.0005566071435356215,1.599973320870574
1.5707963267948966,-0.0005543972124263732,1.5998734282316585
1.5707963267948966,-0.0005529446765646442,1.599773922489141
1.5707963267948966,-0.0005509119705499818,1.5996748298298142
1.5707963267948966,-0.0005486672648165186,1.5995759366621605
1.5707963267948966,-0.0005471845310667557,1.5994774913275676
1.5707963267948966,-0.0005450400162397215,1.5993794846810936
1.5707963267948966,-0.0005432043835609558,1.5992815761568961
1.5707963267948966,-0.0005417312292570267,1.5991841892408043
1.5707963267948966,-0.0005397093153015377,1.599086942640028
1.5707963267948966,-0.0005379162981231193,1.598990132688572
1.5707963267948966,-0.000536053811214101,1.5988936422894948
1.5707963267948966,-0.0005342314257387598,1.5987974895513748
1.5707963267948966,-0.0005323955603056228,1.5987017416081881
1.5707963267948966,-0.0005304836339333069,1.5986061553860003
1.5707963267948966,-0.0005288589357485482,1.598510971989586
1.5707963267948966,-0.0005269006513328872,1.5984162135145574
1.5707963267948966,-0.0005250733501774608,1.5983216153365953
1.5707963267948966,-0.0005233293060660678,1.5982274223276391
1.5707963267948966,-0.0005216405728008452,1.5981335920348259
1.5707963267948966,-0.0005196693884566318,1.5980399539522394
1.5707963267948966,-0.0005179554338085,1.5979467430688217
1.5707963267948966,-0.000515947542724951,1.5978538776923796
1.5707963267948966,-0.0005141352502547533,1.5977613350904063
1.5707963267948966,-0.000513660422684404,1.5976689443079741
1.5707963267948966,-0.000510820584267338,1.5975769356373402
1.5707963267948966,-0.0005089542035422133,1.597485428263596
1.5707963267948966,-0.0005072878160118557,1.5973939995273794
1.5707963267948966,-0.0005056806469219341,1.5973030601058442
1.5707963267948966,-0.0005037618522232296,1.597212381761904
1.5707963267948966,-0.0005020782935311208,1.5971220150810996
1.5707963267948966,-0.0005003075393218686,1.5970319518657912
1.5707963267948966,-0.0004986941310862747,1.5969418191921367
1.5707963267948966,-0.0004970734182445143,1.596851746744353
1.5707963267948966,-0.0004948824108357425,1.5967626894456561
1.5707963267948966,-0.000493222126002172,1.5966739080660228
1.5707963267948966,-0.0004914922927197994,1.5965854394321006
1.5707963267948966,-0.0004897846327556396,1.596497360888152
1.5707963267948966,-0.00048823510020074186,1.5964094790728032
1.5707963267948966,-0.00048681456497850703,1.5963219004814493
1.5707963267948966,-0.0004849471436048497,1.5962345571132783
1.5707963267948966,-0.0004832457527400042,1.59614757513807
1.5707963267948966,-0.0004815883050521604,1.596060807689071
1.5707963267948966,-0.00048019262867860825,1.5959743814445857
1.5707963267948966,-0.0004783722129089781,1.595888348742825
1.5707963267948966,-0.0004768925703607235,1.5958025049894666
1.5707963267948966,-0.00047533303936517744,1.5957169463480256
1.5707963267948966,-0.0004735897587514262,1.5956316139960782
1.5707963267948966,-0.00047212960156938454,1.5955467082495007
1.5707963267948966,-0.0004706784560705862,1.5954618832929668
1.5707963267948966,-0.0004687924305533629,1.5953775287004586
1.5707963267948966,-0.00046712787531776566,1.5952934479682783
1.5707963267948966,-0.0004656616433343329,1.5952097000952403
1.5707963267948966,-0.0004639918241562072,1.5951261036896227
1.5707963267948966,-0.0004624074167193064,1.5950428379884987
1.5707963267948966,-0.0004609666054706252,1.5949599757509567
1.5707963267948966,-0.00045931999408638235,1.594877302567832
1.5707963267948966,-0.00045789086567212325,1.5947948070289863
1.5707963267948966,-0.00045637830258092593,1.5947126534310099
1.5707963267948966,-0.0004547677934758597,1.5946307999898761
1.5707963267948966,-0.00045309588439983867,1.594549243003085
1.5707963267948966,-0.00045165553654126847,1.594467928124166
1.5707963267948966,-0.0004498724731206768,1.594387036297222
1.5707963267948966,-0.00044865428146019515,1.5943062834172497
1.5707963267948966,-0.00044691108191415897,1.5942257967292681
1.5707963267948966,-0.0004454218091513758,1.5941455854211835
1.5707963267948966,-0.00044391446966659566,1.5940656823216464
1.5707963267948966,-0.00044235219465583314,1.5939860400188393
1.5707963267948966,-0.000440848832950716,1.5939067141695773
1.5707963267948966,-0.0004393410600962641,1.5938275921285525
1.5707963267948966,-0.0004379073091621416,1.5937488053463278
1.5707963267948966,-0.00043624355659968583,1.5936703267935868
1.5707963267948966,-0.00043482715045480187,1.593592015248005
1.5707963267948966,-0.00043321636971192963,1.593514038420924
1.5707963267948966,-0.0004323011082351374,1.5934362204925856
1.5707963267948966,-0.0004304197192904931,1.593358746771536
1.5707963267948966,-0.00042882962642327126,1.5932816168633739
1.5707963267948966,-0.00042740568926216693,1.5932046221909513
1.5707963267948966,-0.00042609862175408374,1.593127987782558
1.5707963267948966,-0.0004245099403207449,1.5930515296101981
1.5707963267948966,-0.0004231002160852409,1.5929753423193809
1.5707963267948966,-0.00042148612307860156,1.5928995503175305
1.5707963267948966,-0.00042005842403409176,1.5928239467237253
1.5707963267948966,-0.00041875905824197666,1.5927485404227384
1.5707963267948966,-0.00041737509344614426,1.592673347151686
1.5707963267948966,-0.00041595941511794743,1.5925985121048274
1.5707963267948966,-0.0004145020317154278,1.592523884466446
1.5707963267948966,-0.00041308506136751924,1.5924495350763133
1.5707963267948966,-0.00041167423186700726,1.5923755036588527
1.5707963267948966,-0.00041010752431007436,1.5923016102795355
1.5707963267948966,-0.00040887870720268324,1.5922280827219526
1.5707963267948966,-0.0004074042375350768,1.5921546834155809
1.5707963267948966,-0.0004061597546008572,1.592081570720287
1.5707963267948966,-0.00040468735062606717,1.5920087169935457
1.5707963267948966,-0.0004032889140957261,1.5919361376926098
1.5707963267948966,-0.00040195513698877694,1.5918638541470325
1.5707963267948966,-0.00040040888142089774,1.5917917745168975
1.5707963267948966,-0.0003991215877293553,1.5917198736923823
1.5707963267948966,-0.00039784958573471814,1.5916483204230236
1.5707963267948966,-0.0003966102536395715,1.5915769303899698
1.5707963267948966,-0.0003950357013423802,1.5915058402218567
1.5707963267948966,-0.0003936007254766588,1.5914349826149792
1.5707963267948966,-0.0003924334348734404,1.5913643407907259
1.5707963267948966,-0.00039110166086463,1.5912939445727439
1.5707963267948966,-0.00038953664928155843,1.5912238275415007
1.5707963267948966,-0.0003881749564512201,1.591153956282361
1.5707963267948966,-0.00038686052137346626,1.5910843231983245
1.5707963267948966,-0.0003856528096457257,1.5910149020349802
1.5707963267948966,-0.0003842879844079463,1.5909457346341227
1.5707963267948966,-0.00038304308380049563,1.5908767860406334
1.5707963267948966,-0.00038166573000157633,1.590808084800543
1.5707963267948966,-0.00038038559212723484,1.5907396161936829
1.57,-0.0005069513592371594,1.5906711082453286
1.57,-0.0007944496447171694,1.5906026624928717
1.57,-0.0009204331529574575,1.590436788562268
1.57,-0.0008509922128268465,1.590283779565601
1.57,-0.0007797244574133822,1.5901434426818175
1.57,-0.0007313475312704324,1.5900117677671324
1.57,-0.0006912231352528796,1.5898872802361106
1.57,-0.0006534004406420959,1.5897697847785806
1.57,-0.0006190071793473282,1.5896583864385274
1.57,-0.0005889887348477091,1.5895522450910202
1.57,-0.0005624511997227143,1.589451005420011
1.57,-0.0005384802963574933,1.5893540713172307
1.57,-0.0005174334508692615,1.5892609404909868
1.57,-0.0004982839598229056,1.5891713308298572
1.57,-0.00048126611819509883,1.5890847041470035
1.57,-0.0004663490765630888,1.5890007531879755
1.57,-0.0004527814560339183,1.5889192611531417
1.57,-0.00044068307869569306,1.5888399395042356
1.57,-0.0004300379355231636,1.58876253062727
1.57,-0.00042016141568092247,1.5886868983086757
1.57,-0.0004114763173920996,1.588612840941714
1.57,-0.0004035228817807629,1.588540187237203
1.57,-0.000396461203923967,1.5884688382401184
1.57,-0.00039013101080897367,1.5883986163993664
1.57,-0.00038419978144553675,1.588329482351464
1.57,-0.0003789861874314883,1.5882603494574288
1.57,-0.00037401601441353245,1.588191081608994
1.57,-0.00036897985801610973,1.588191081608994
1.57,-0.00037603989010290967,1.588191081608994
1.57,-0.0004073752139418865,1.588191081608994
1.57,-0.00044880174231436316,1.588191081608994
1.57,-0.00048593841188659774,1.588191081608994
1.57,-0.0005215698412043088,1.588191081608994
1.57,-0.0005578047093175841,1.588191081608994
1.57,-0.0005943513704456359,1.588191081608994
3.141592653589793,0.2769240661414457,1.588191081608994
3.141592653589793,0.8310951023501031,1.588191081608994
3.141592653589793,1.0,1.7680988559089938
3.141592653589793,0.9393050634004325,1.9371852965392808
3.141592653589793,0.8094893240737733,2.082739687091317
3.141592653589793,0.7166714350060497,2.2117657960204102
3.141592653589793,0.6376768740795132,2.3266472737459845
3.141592653589793,0.5644814504738727,2.428254685704507
3.141592653589793,0.4988715883728739,2.5180411026416807
3.141592653589793,0.44128076116606024,2.597414182381167
3.141592653589793,0.3905073523955593,2.6677609104878663
3.141592653589793,0.34551301874255,2.729966613709767
3.141592653589793,0.30563078399661936,2.7849730195728752
3.141592653589793,0.2703332388850106,2.8336268653318215
3.141592653589793,0.2391157855776831,2.876687060265346
3.141592653589793,0.2114925971629982,2.9147397627072573
3.141592653589793,0.1870359267555407,2.9483751339961772
3.141592653589793,0.1653993351829481,2.978174917279653
3.141592653589793,0.14625400615694878,3.0045000797561014
3.141592653589793,0.12929669401714378,3.027751877650057
3.141592653589793,0.11428984860013693,3.0483453665634572
3.141592653589793,0.10101594407445057,3.0665285226043166
3.141592653589793,0.08925980883248963,3.082587860608766
3.141592653589793,0.07885587271883251,3.0967641713653693
3.141592653589793,0.06965708544517862,3.109322358843324
3.141592653589793,0.0615153771805914,3.120395261380688
3.141592653589793,0.05430090234726408,3.1301696009110187
3.141592653589793,0.047915221230220156,3.1387866008478187
3.141592653589793,0.04227043483957299,3.146395489536939
3.141592653589793,0.037276874996150886,3.153111743620298
3.141592653589793,0.03285447199099355,3.1590252468563476
3.141592653589793,0.02893781637317298,3.164229528392043
3.141592653589793,0.02547403920337734,3.1688187484371753
3.141592653589793,0.022410920985951648,3.1728493105156823
3.141592653589793,0.019699292744802553,3.1763954503557956
3.141592653589793,0.017299489791192973,3.1795092924410793
3.141592653589793,0.015176555452735049,3.182241030735609
3.141592653589793,0.013297110176353467,3.1846340460527545
3.141592653589793,0.011634741856903351,3.186728337534871
3.141592653589793,0.010163595483230429,3.1885579639893824
3.141592653589793,0.008861874589967247,3.1901549596150915
3.141592653589793,0.007709909982732098,3.19154234835157
3.141592653589793,0.006690576807869372,3.1927465907273835
3.141592653589793,0.005789756843144204,3.1937888292061194
3.141592653589793,0.004992497701242254,3.194687507931056
3.141592653589793,0.004287509766198419,3.1954592074298014
3.141592653589793,0.003663976650971068,3.196118771345249
3.141592653589793,0.003112593375767525,3.19667902091908
3.141592653589793,0.0026250398308983874,3.197151045476906
3.141592653589793,0.0021944093518285607,3.197546046789538
3.141592653589793,0.0018131190909754305,3.1978727168218652
3.141592653589793,0.0014756453965309446,3.198138084812115
3.141592653589793,0.001178652309400119,3.198350204594264
3.141592653589793,0.0009156641578227306,3.1985152332368716
3.141592653589793,0.0006831445123832089,3.198638168202027
3.141592653589793,0.000478189603300358,3.1987241693965687
3.141592653589793,0.0002963578683034332,3.198777564508196
3.141592653589793,0.00013664476727195257,3.1988021625659644
3.141592653589793,-4.487040687867205e-06,3.1988013548820793
3.141592653589793,-0.00012895358261240386,3.1987781662535277
3.141592653589793,-0.0002386343371862179,3.1987351688963654
3.141592653589793,-0.0003354164621036104,3.1986748518569263
3.141592653589793,-0.0004205819073401437,3.198599088524947
3.141592653589793,-0.0004955206786022293,3.1985098826604115
3.141592653589793,-0.000561447398630982,3.19840883306745
3.141592653589793,-0.0006193444053447586,3.198297340283588
3.141592653589793,-0.0006702276199178417,3.1981767010088182
3.141592653589793,-0.0007148386804564366,3.198048031702975
3.141592653589793,-0.0007539761017875193,3.197912313060301
3.141592653589793,-0.0007880274195409195,3.1977706116505815
3.141592653589793,-0.0008171748422703129,3.197623515409532
3.141592653589793,-0.0008432618986974269,3.1974715805803955
3.141592653589793,-0.0008665383823628081,3.1973156107006697
3.141592653589793,-0.0008854968443827507,3.1971562124903077
3.141592653589793,-0.0009023444610486153,3.196993804195736
3.141592653589793,-0.0009171102704318077,3.1968287054157014
3.141592653589793,-0.0009305696412274869,3.196661353398059
3.141592653589793,-0.00094059022784828,3.196491905634806
3.141592653589793,-0.0009491801674275102,3.196321229747339
3.141592653589793,-0.0009569245767169013,3.1961487847242647
3.141592653589793,-0.0009633269670342032,3.195975404226201
3.141592653589793,-0.0009682192586200553,3.1958011076820045
3.141592653589793,-0.00097262344933393,3.195626063594355
3.141592653589793,-0.0009757625351735147,3.1954504154081174
3.141592653589793,-0.0009782530786479199,3.1952744740204864
3.141592653589793,-0.0009805040099508042,3.195097838295683
3.141592653589793,-0.0009819730300390066,3.1949210896398412
3.141592653589793,-0.0009821692474250472,3.1947442512933755
3.141592653589793,-0.000982433235386184,3.1945674556407138
3.141592653589793,-0.0009827049271672397,3.1943905870571943
3.141592653589793,-0.000982230687814667,3.194213940824354
3.141592653589793,-0.0009809709213766359,3.1940373624378404
3.141592653589793,-0.0009797762045777245,3.193860778775921
3.141592653589793,-0.0009789356519487487,3.1936847879354375
3.141592653589793,-0.000977224762309943,3.1935085909355565
3.141592653589793,-0.0009754796906050155,3.1933332712164777
3.141592653589793,-0.0009732763822163058,3.193157883443698
3.141592653589793,-0.0009712792383011898,3.1929830866940168
3.141592653589793,-0.000968568597854727,3.1928089398748325
3.141592653589793,-0.0009660779402674187,3.192635035024159
3.141592653589793,-0.0009637128200861537,3.1924613493390703
3.141592653589793,-0.0009622171465013506,3.1922883835215594
3.141592653589793,-0.0009587461963277005,3.192115799907916
3.141592653589793,-0.000955743526207007,3.1919436312941514
3.141592653589793,-0.0009534984268561551,3.1917719853728976
3.141592653589793,-0.0009502300280576359,3.191601014271851
3.141592653589793,-0.0009477148846833289,3.1914305007940684
3.141592653589793,-0.0009444113023128337,3.191260300017157
3.141592653589793,-0.0009420496837223603,3.1910908001666485
3.141592653589793,-0.0009385314326281619,3.190921843121521
3.141592653589793,-0.0009356511380559859,3.190753450771682
3.141592653589793,-0.000933205879791444,3.190585471470826
3.141592653589793,-0.0009301356424261838,3.1904180314470483
3.141592653589793,-0.00092685567341598,3.190251214688984
3.141592653589793,-0.0009241370264657725,3.1900847868976325
3.141592653589793,-0.0009210323875306348,3.189919209134896
3.141592653589793,-0.0009180803301903281,3.1897538256018136
3.141592653589793,-0.000914946750567372,3.189589127294747
3.141592653589793,-0.0009116785064073075,3.1894251554106345
3.141592653589793,-0.0009085001260218939,3.189261515790947
3.141592653589793,-0.0009058039597883323,3.189098309716909
3.141592653589793,-0.0009028436716642455,3.188935910180145
3.141592653589793,-0.0008996816558640187,3.188774125745449
3.141592653589793,-0.0008966790139599973,3.188612720598328
3.141592653589793,-0.0008934578105076509,3.1884517587771013
3.141592653589793,-0.000890713907933105,3.1882915753004246
3.141592653589793,-0.000888137172160762,3.1881317111425846
3.141592653589793,-0.0008845596284282019,3.187972490181782
3.141592653589793,-0.000881639947925339,3.1878137957100448
3.141592653589793,-0.0008786953895925723,3.18765562918207
3.141592653589793,-0.00087560203602478,3.1874980157051342
3.141592653589793,-0.0008726043823097523,3.1873409612967514
3.141592653589793,-0.0008691743542815177,3.1871845134190564
3.141592653589793,-0.0008663851809381194,3.187028561075106
3.141592653589793,-0.0008637695680628298,3.18687294647261
3.141592653589793,-0.0008606576428645436,3.186718011439296
3.141592653589793,-0.0008577821884142231,3.1865636825760792
3.141592653589793,-0.0008545639772355451,3.1864099508742525
3.141592653589793,-0.0008520592720308758,3.186256574135643
3.141592653589793,-0.0008493583923011479,3.186103683755792
3.141592653589793,-0.0008463147898049479,3.1859513566824584
3.141592653589793,-0.0008430363727210712,3.185799565598516
3.141592653589793,-0.0008404363569096962,3.1856482987405395
3.141592653589793,-0.0008372505261954495,3.1854973891631237
3.141592653589793,-0.0008348887256390998,3.185347293678455
3.141592653589793,-0.0008318413479060788,3.1851974781294348
3.141592653589793,-0.0008290894511024972,3.185048371328633
3.141592653589793,-0.0008260852517518631,3.184899508438607
3.141592653589793,-0.0008234380238430206,3.1847514779108033
3.141592653589793,-0.0008205289959858468,3.184603667332698
3.141592653589793,-0.0008175076573358926,3.1844565090779935
3.141592653589793,-0.0008163555065340521,3.1843096908245863
3.141592653589793,-0.0008119010155085739,3.1841634942520587
3.141592653589793,-0.0008094823951293427,3.1840178473115426
3.141592653589793,-0.0008062142873557603,3.1838727122703117
3.141592653589793,-0.0008036418164108876,3.1837280451557266
3.141592653589793,-0.0008009371328513148,3.1835838776403005
3.141592653589793,-0.0007979471892504732,3.1834402618367625
3.141592653589793,-0.0007953066887237369,3.183297073833072
3.141592653589793,-0.0007927964568154346,3.183154248804099
3.141592653589793,-0.0007902081125064665,3.1830120052055904
3.141592653589793,-0.0007874876307632506,3.1828702650028013
3.141592653589793,-0.000784762822012619,3.1827291735266807
3.141592653589793,-0.0007816341851849887,3.18258846474819
3.141592653589793,-0.0007797041115502508,3.1824481171379615
3.141592653589793,-0.0007765511397285554,3.1823083152382585
3.141592653589793,-0.000773583324177058,3.1821691005834807
3.141592653589793,-0.0007713759759351083,3.1820300936446686
3.141592653589793,-0.0007689315541530191,3.1818916347838373
3.141592653589793,-0.0007663726453847435,3.1817538797472413
3.141592653589793,-0.0007635608060782666,3.181616423696013
3.141592653589793,-0.0007607032620848275,3.1814795102976063
3.141592653589793,-0.0007585537249030737,3.181342939994449
3.141592653589793,-0.0007558700229516324,3.1812069161207743
3.141592653589793,-0.0007532144677432837,3.181071198812212
3.141592653589793,-0.0007505647734380866,3.180936103562891
3.141592653589793,-0.0007488445523696728,3.180801418687619
3.141592653589793,-0.0007452799417421094,3.180667160320457
3.141592653589793,-0.0007429388625506961,3.180533420931112
3.141592653589793,-0.000739942786027438,3.180400242312342
3.141592653589793,-0.0007377068856613822,3.180267438420075
3.141592653589793,-0.0007352449300102593,3.1801352405503915
3.141592653589793,-0.0007323885454426915,3.180003279043297
3.141592653589793,-0.0007299684294380208,3.179872000134226
3.141592653589793,-0.0007275383071368574,3.1797409373635657
3.141592653589793,-0.0007250192838592837,3.1796106585078676
3.141592653589793,-0.0007227254468698471,3.179480352180009
3.141592653589793,-0.0007204038157971292,3.1793506630766033
3.141592653589793,-0.0007179121198100449,3.179221436553495
3.141592653589793,-0.0007153824851520579,3.1790925979842752
3.141592653589793,-0.0007129950815095605,3.178964330591918
3.141592653589793,-0.0007105466003020436,3.178836560703374
3.141592653589793,-0.000707798620447616,3.178709043013244
3.141592653589793,-0.0007057014636276428,3.1785820891014103
3.141592653589793,-0.0007033509217555939,3.1784555514057895
3.141592653589793,-0.0007007252184889588,3.1783294014404664
3.141592653589793,-0.0006984824616450801,3.1782036757660013
3.141592653589793,-0.0006960618174110568,3.1780783867005327
3.141592653589793,-0.0006939009851115382,3.177953495660115
3.141592653589793,-0.0006909936380536212,3.177829092162705
3.141592653589793,-0.0006890645662436488,3.1777050721916917
3.141592653589793,-0.0006873091161917096,3.177581359176023
3.141592653589793,-0.0006839766134352325,3.1774582320552587
3.141592653589793,-0.0006816748731259467,3.1773355311339335
3.141592653589793,-0.0006794033068580133,3.1772132316579063
3.141592653589793,-0.0006773084993105978,3.177091206371136
3.141592653589793,-0.0006749519373851209,3.176969854753859
3.141592653589793,-0.0006724963990080435,3.176848786325265
3.141592653589793,-0.0006703035278693426,3.1767281240383314
3.141592653589793,-0.0006681960366590328,3.1766078729541274
3.141592653589793,-0.0006653310430671348,3.1764881046293145
3.141592653589793,-0.0006635700932927369,3.176368684053865
3.141592653589793,-0.0006606367648452037,3.1762497620361363
3.141592653589793,-0.0006588939658392044,3.1761310129245133
3.141592653589793,-0.0006567096114475403,3.1760129177571725
3.141592653589793,-0.0006544785354350956,3.1758949562704313
3.141592653589793,-0.0006519316075888973,3.175777770964451
3.141592653589793,-0.0006498613627225411,3.1756607942183437
3.141592653589793,-0.0006477050279616314,3.175544228410877
3.141592653589793,-0.000645571491551894,3.175427874383963
3.141592653589793,-0.0006432066557955189,3.175312205225728
3.141592653589793,-0.0006410021067391712,3.175196846551295
3.141592653589793,-0.0006387954143334089,3.175081710378378
3.141592653589793,-0.0006368702431305204,3.1749672371497235
3.141592653589793,-0.0006342601047995798,3.17485306186539
3.141592653589793,-0.0006324478819456462,3.174739255689688
3.141592653589793,-0.0006295657395260605,3.1746259124852085
3.141592653589793,-0.0006282291617672048,3.174512827434864
3.141592653589793,-0.0006261277240504071,3.1744001218647635
3.141592653589793,-0.0006239142751727662,3.174287821284852
3.141592653589793,-0.000621910190743178,3.174175871552198
3.141592653589793,-0.0006197927557944731,3.174064295796068
3.141592653589793,-0.0006171015839503378,3.173953235228499
3.141592653589793,-0.0006149913311853834,3.1738425259415455
3.141592653589793,-0.0006129163637255339,3.1737320862862646
3.141592653589793,-0.0006110814891705854,3.1736221015573323
3.141592653589793,-0.0006089356848135129,3.173512502646433
3.141592653589793,-0.0006068351443517007,3.173403366438214
3.141592653589793,-0.0006047018025855493,3.173294600665471
3.141592653589793,-0.0006029761330577921,3.1731858874199013
3.141592653589793,-0.0006008291732372897,3.1730777275711732
3.141592653589793,-0.0005983838819000643,3.172969902758931
3.141592653589793,-0.0005965138863715906,3.172862642103948
3.141592653589793,-0.0005944139809181299,3.1727556567455784
3.141592653589793,-0.0005924223175274544,3.172649028711729
3.141592653589793,-0.0005904139280413674,3.172542741890123
3.141592653589793,-0.0005884023775895655,3.172436844082838
3.141592653589793,-0.0005864508785010866,3.1723313743844788
3.141592653589793,-0.0005844084198800836,3.1722261804675873
3.141592653589793,-0.0005823080323758972,3.1721212557904392
3.141592653589793,-0.0005803093561413467,3.1720168039419465
3.141592653589793,-0.0005782070314011081,3.17191279402105
3.141592653589793,-0.0005777072940106355,3.171808749164669
3.141592653589793,-0.0005744573168592719,3.1717053963757933
3.141592653589793,-0.000572380918928736,3.1716024147028072
3.141592653589793,-0.0005702420237661127,3.1714997862866667
3.141592653589793,-0.000568364847959555,3.17139746973536
3.141592653589793,-0.0005664926518959418,3.1712954958071418
3.141592653589793,-0.0005644270504146127,3.171193785794206
3.141592653589793,-0.0005628498972381941,3.17109257834537
3.141592653589793,-0.0005608686328989268,3.1709915200315884
3.141592653589793,-0.0005589180325060936,3.1708909163209733
3.141592653589793,-0.0005569848272217078,3.170790613492664
3.141592653589793,-0.0005550969428325045,3.170690750095297
3.141592653589793,-0.0005532149288272788,3.1705911698412375
3.141592653589793,-0.000551334301255195,3.170491930471353
3.141592653589793,-0.0005494361029969932,3.1703930320672615
3.141592653589793,-0.0005475727596471712,3.1702944631897996
3.141592653589793,-0.0005456279821303839,3.1701962525882084
3.141592653589793,-0.0005437861877754142,3.1700983246105436
3.141592653589793,-0.0005419116062228106,3.17000093922273
3.141592653589793,-0.0005397756575748203,3.1699037828242367
3.141592653589793,-0.000537968227142617,3.169806925202416
3.141592653589793,-0.0005362358372961312,3.1697103992768945
3.141592653589793,-0.0005345514758545826,3.1696140975171723
3.141592653589793,-0.0005328512502017178,3.16951822897523
3.141592653589793,-0.0005309336013109983,3.1694225679407166
3.141592653589793,-0.0005291789252980725,3.1693273572703164
3.141592653589793,-0.000526993314435148,3.169232507045159
3.141592653589793,-0.0005253126954027042,3.16913794735596
3.141592653589793,-0.0005234827661850759,3.1690437205480335
3.141592653589793,-0.0005219541922596056,3.1689498425784373
3.141592653589793,-0.0005201137644841973,3.1688561445133274
3.141592653589793,-0.0005184501407427058,3.168762827804558
3.141592653589793,-0.0005166110881069941,3.1686698431077334
3.141592653589793,-0.0005148298206331184,3.16857717250242
3.141592653589793,-0.00051306316280934,3.1684848978447793
3.141592653589793,-0.0005112450004591505,3.1683927983580937
3.141592653589793,-0.0005092955865313702,3.1683010947500163
3.141592653589793,-0.0005078180789200408,3.168209715042301
3.141592653589793,-0.0005060640213570781,3.168118621542226
3.141592653589793,-0.000504362684604364,3.1680278539861852
3.141592653589793,-0.0005037741739583948,3.167937216879662
3.141592653589793,-0.0005008410891106114,3.1678470111903945
3.141592653589793,-0.0004990973335532254,3.167757164652914
3.141592653589793,-0.0004973349067715852,3.1676676507511483
3.141592653589793,-0.0004956968068153319,3.1675783719097823
3.141592653589793,-0.0004940358221084563,3.1674892040064027
3.141592653589793,-0.0004921994812483125,3.167400061418507
3.141592653589793,-0.0004902311539899066,3.167311784444876
3.141592653589793,-0.000488172016541508,3.1672238584672066
3.141592653589793,-0.0004867349567083158,3.167136229652197
3.141592653589793,-0.0004851892263245221,3.1670489146228604
3.141592653589793,-0.0004835564776750831,3.1669618410256217
3.141592653589793,-0.00048204674951173726,3.1668751098269845
3.141592653589793,-0.00048043768169104585,3.1667886279306114
3.141592653589793,-0.00047882676910039786,3.1667024270707333
3.141592653589793,-0.00047699957140376857,3.166616653922641
3.141592653589793,-0.0004754240577026173,3.1665310767557457
3.141592653589793,-0.00047396315054264344,3.1664458567304297
3.141592653589793,-0.00047226725213119283,3.1663606879843793
3.141592653589793,-0.0004706302606778713,3.1662759713869644
3.141592653589793,-0.0004691589478569031,3.166191527386822
3.141592653589793,-0.00046761558068211806,3.166107349739213
3.141592653589793,-0.000465957683797355,3.1660234752366745
3.141592653589793,-0.00046442668084274025,3.1659398783145796
3.141592653589793,-0.00046278100211303956,3.1658565790049495
3.141592653589793,-0.00046197584128723247,3.1657734818202563
3.141592653589793,-0.00045956894884327526,3.165690776548307
3.141592653589793,-0.0004577880901973346,3.165608305321657
3.141592653589793,-0.00045650637175421657,3.1655261289634473
3.141592653589793,-0.0004549129871073542,3.1654442402134304
3.141592653589793,-0.00045321954583701224,3.1653626313061585
3.141592653589793,-0.0004518290226823724,3.165281335123293
3.141592653589793,-0.0004502883426431969,3.1652002313167897
3.141592653589793,-0.0004488745323750487,3.1651194917688796
3.141592653589793,-0.0004472770768612754,3.16503897890048
3.141592653589793,-0.0004457163742189237,3.1649588263507344
3.141592653589793,-0.0004442050586353583,3.1648787936446268
3.141592653589793,-0.00044257366449921773,3.164799119540059
3.141592653589793,-0.00044103205024821797,3.164719747568658
3.141592653589793,-0.00043973943552645146,3.1646405843552885
3.141592653589793,-0.0004381418669402535,3.1645617955167618
3.141592653589793,-0.0004366087520017402,3.164483138281278
3.141592653589793,-0.0004351667516210994,3.164404801710939
3.141592653589793,-0.0004336911326221996,3.164326806525213
3.141592653589793,-0.00043213884964817505,3.164249009088233
3.141592653589793,-0.00043069932069844316,3.164171503985892
3.141592653589793,-0.000429079073972171,3.164094268905704
3.141592653589793,-0.000427727146821974,3.1640172682722296
3.141592653589793,-0.0004265506414311594,3.1639404322081663
3.141592653589793,-0.0004249048349864292,3.1638640147831136
3.141592653589793,-0.00042366064005332736,3.1637876872142905
3.141592653589793,-0.0004219672682167861,3.163711736075817
3.141592653589793,-0.0004205191813397135,3.1636360338525753
3.141592653589793,-0.0004190317124783006,3.163560612981757
3.141592653589793,-0.000417595818596031,3.163485449031621
3.141592653589793,-0.0004161649104673995,3.16341053825855
3.141592653589793,-0.0004147762521873651,3.163335861159838
3.141592653589793,-0.00041337812165257067,3.1632614697560455
3.141592653589793,-0.00041192178147208235,3.16318732390619
3.141592653589793,-0.00041059595809805546,3.1631134172327506
3.141592653589793,-0.0004091456244849495,3.163039775480358
3.141592653589793,-0.00040772506913885724,3.1629664468922587
3.141592653589793,-0.00040637535692015017,3.162893292160283
3.141592653589793,-0.000404969279119826,3.162820402886324
3.141592653589793,-0.0004033797431770014,3.162747796592814
3.141592653589793,-0.0004020802190807804,3.16267542092808
3.141592653589793,-0.0004007615664349158,3.1626031806359918
3.141592653589793,-0.0003994702226614178,3.1625313777248
3.141592653589793,-0.0003980515901132499,3.162459657187305
3.141592653589793,-0.00039677616105333186,3.1623883105106816
3.141592653589793,-0.0003954872050762528,3.1623171196569495
3.141592653589793,-0.00039390591967976285,3.162246217250451
3.141592653589793,-0.00039247131032989387,3.1621755078890117
3.141592653589793,-0.00039124369260049724,3.1621051505812336
3.141592653589793,-0.00038988175155281295,3.1620349314416107
3.141592653589793,-0.0003889005154088035,3.161964900709231
3.141592653589793,-0.0003873487262661436,3.161895185402326
3.141592653589793,-0.00038604777344565,3.1618256028496554
3.141592653589793,-0.0003846727828249793,3.161756516498107
3.141592653589793,-0.00038311549866117296,3.161687551828269
3.141592653589793,-0.0003819515461323669,3.1616188021724954
3.141592653589793,-0.0003807258434609991,3.1615502728114473
3.141592653589793,-0.0003795651009178124,3.1614819529502665
3.141592653589793,-0.0003782304802408074,3.161413809036164
3.141592653589793,-0.00037685982399315865,3.1613460365988395
4.71238898038469,0.277089680354765,3.161278136313327
4.71238898038469,0.8309510746887001,3.1612103271631478
4.71238898038469,1.0,3.3410760453631476
4.71238898038469,0.939147543758146,3.5103046148232466
4.71238898038469,0.8093524911437322,3.6559669107208275
4.71238898038469,0.7164576367032114,3.7849948072410715
4.71238898038469,0.6373902680895124,3.899675572341111
4.71238898038469,0.5642100350338197,4.001241030012325
4.71238898038469,0.4986911908415692,4.090997761427585
4.71238898038469,0.4411403766277623,4.170417719989176
4.71238898038469,0.39035941854990436,4.240676150176599
4.71238898038469,0.3453581549275843,4.302783941785725
4.71238898038469,0.3055100723578472,4.357774522443607
4.71238898038469,0.27026227597821667,4.406464135703237
4.71238898038469,0.23905611884321498,4.44949604285322
4.71238898038469,0.21142059971443647,4.487553256856461
4.71238898038469,0.18695344168645114,4.521202517549753
4.71238898038469,0.1653179015920717,4.550960385419263
4.71238898038469,0.14617073915871737,4.577247256211601
4.71238898038469,0.1292265692696232,4.600528979548463
4.71238898038469,0.114231155578952,4.621088827684646
4.71238898038469,0.10095146811371575,4.639259533087881
4.71238898038469,0.08919831645427048,4.655303405430231
4.71238898038469,0.07880351765435775,4.669486824474339
4.71238898038469,0.06960644845107733,4.682018288305855
4.71238898038469,0.06146357789793526,4.693090465865511
4.71238898038469,0.054252087448928996,4.702862304820252
4.71238898038469,0.047867789770398746,4.711466491598852
4.71238898038469,0.04222125663824266,4.719065232424558
4.71238898038469,0.037229876302712295,4.725772227789973
4.71238898038469,0.032810845517913696,4.731681504502747
4.71238898038469,0.02889538770325282,4.73688118126754
4.71238898038469,0.02543051824913413,4.741457458770168
4.71238898038469,0.022367573530504115,4.745484462889982
4.71238898038469,0.019657384299505105,4.749022468112164
4.71238898038469,0.017258514025412872,4.752128975458293
4.71238898038469,0.015135409356213672,4.7548535576387305
4.71238898038469,0.013257136487917341,4.757237544286105
4.71238898038469,0.011595848244243433,4.759326340149032
4.71238898038469,0.010125963288278843,4.761147438696431
4.71238898038469,0.008823078002115268,4.762737073618988
4.71238898038469,0.0076736835329887475,4.76411776891438
4.71238898038469,0.006655407710449802,4.765316222426034
4.71238898038469,0.005754444675239542,4.766352119024857
4.71238898038469,0.004957780106299374,4.7672444388066895
4.71238898038469,0.0042527332592265585,4.768009876225253
4.71238898038469,0.0036299104660849,4.768663300765962
4.71238898038469,0.003078907925638849,4.769217474595343
4.71238898038469,0.002590925625180214,4.76968387745622
4.71238898038469,0.0021601692561402583,4.770072798865883
4.71238898038469,0.0017790504410422972,4.7703929562539855
4.71238898038469,0.0014425828966774454,4.770652613498395
4.71238898038469,0.0011450456160067846,4.770858801611245
4.71238898038469,0.0008822193254926503,4.7710175348712465
4.71238898038469,0.0006504198726575289,4.771134666860606
4.71238898038469,0.0004454119480532537,4.77121480815228
4.71238898038469,0.0002643505703020313,4.7712623499149736
4.71238898038469,0.00010431941162163116,4.771281141560536
4.71238898038469,-3.703936217067105e-05,4.7712744736471935
4.71238898038469,-0.00016137837394705062,4.771245421100606
4.71238898038469,-0.0002703627354795207,4.7711967672250974
4.71238898038469,-0.000367334438977171,4.771130641256432
4.71238898038469,-0.0004525835944862097,4.771049174733279
4.71238898038469,-0.0005272592163341541,4.770954281175729
4.71238898038469,-0.000592629374249927,4.770847644358894
4.71238898038469,-0.0006525941920312237,4.770730066331687
4.71238898038469,-0.0007010170647823236,4.7706039549812225
4.71238898038469,-0.0007454586268723015,4.77046976919727
4.71238898038469,-0.000784220920277412,4.770328738633742
4.71238898038469,-0.0008184098687987543,4.770181266595959
4.71238898038469,-0.0008485864095013756,4.770028535572169
4.71238898038469,-0.0008744608801282694,4.769871132764065
4.71238898038469,-0.0008965145065154626,4.769709709905496
4.71238898038469,-0.0009164196709884886,4.769544703001687
4.71238898038469,-0.0009332239939753365,4.769376819162267
4.71238898038469,-0.0009472246487522915,4.769206474782837
4.71238898038469,-0.000959822617469408,4.769033559824278
4.71238898038469,-0.0009705936593841225,4.76885885209118
4.71238898038469,-0.000979625813934383,4.768682482196164
4.71238898038469,-0.0009869407885631995,4.768504869449098
4.71238898038469,-0.0009926184035464261,4.768326349957048
4.71238898038469,-0.0009975142066047313,4.768146791364201
4.71238898038469,-0.001002300540608729,4.7679662337718325
4.71238898038469,-0.0010056569726075437,4.76778522669464
4.71238898038469,-0.0010077538614605142,4.7676040011378555
4.71238898038469,-0.0010095866311858603,4.767422250587867
4.71238898038469,-0.001010463095534389,4.767240400794516
4.71238898038469,-0.0010115426352571358,4.767058144876142
4.71238898038469,-0.0010113333912375663,4.766876095490659
4.71238898038469,-0.0010114628012991636,4.766694049506107
4.71238898038469,-0.0010116151080954774,4.76651191750031
4.71238898038469,-0.0010098124842224457,4.766330143409029
4.71238898038469,-0.0010080989270556187,4.766148685991386
4.71238898038469,-0.0010067713672144984,4.765967494753977
4.71238898038469,-0.0010049925502406236,4.765786619342221
4.71238898038469,-0.0010030570006438685,4.765606044932605
4.71238898038469,-0.0010014735081890977,4.765425917619355
4.71238898038469,-0.0009990618797013455,4.765245961671905
4.71238898038469,-0.0009970498030589595,4.765066349107954
4.71238898038469,-0.0009943996708135679,4.764887660544229
4.71238898038469,-0.0009917469222377948,4.764708984323079
4.71238898038469,-0.0009888376683911924,4.764531146483127
4.71238898038469,-0.0009860933199093043,4.76435350660715
4.71238898038469,-0.0009838233225793087,4.764176350602014
4.71238898038469,-0.0009803518818734466,4.763999963161041
4.71238898038469,-0.000977509994841308,4.763823994749481
4.71238898038469,-0.0009743497460529896,4.763648818944382
4.71238898038469,-0.0009717171965544641,4.7634736992147255
4.71238898038469,-0.0009689808869531615,4.763299458514059
4.71238898038469,-0.0009658519268215156,4.763125203062694
4.71238898038469,-0.0009630509672692578,4.762952084879826
4.71238898038469,-0.0009593371470905283,4.762779318105983
4.71238898038469,-0.000956247624386064,4.762607215242806
4.71238898038469,-0.0009531072760604227,4.762435714179217
4.71238898038469,-0.0009501370843254461,4.762264680899786
4.71238898038469,-0.0009478706960504568,4.76209408162603
4.71238898038469,-0.000944240727305614,4.761924108934384
4.71238898038469,-0.0009410349071237271,4.761754871630572
4.71238898038469,-0.0009377813566626529,4.7615859258617075
4.71238898038469,-0.0009349047438653169,4.761417636348018
4.71238898038469,-0.0009316261955917525,4.761249956986182
4.71238898038469,-0.0009284594122738916,4.761082832459472
4.71238898038469,-0.0009251439889881238,4.760916243572177
4.71238898038469,-0.0009218486806910411,4.760750377233366
4.71238898038469,-0.0009191100334526199,4.7605849263437054
4.71238898038469,-0.0009155803787143472,4.760419935786571
4.71238898038469,-0.0009129778266111326,4.760255775268918
4.71238898038469,-0.000909481733561264,4.760092076128313
4.71238898038469,-0.0009067700289110692,4.759929032015223
4.71238898038469,-0.0009035579997188452,4.759766217236106
4.71238898038469,-0.0009003008611442806,4.759604174633131
4.71238898038469,-0.0008975806651491634,4.759442656299045
4.71238898038469,-0.0008944940781771514,4.759281596463609
4.71238898038469,-0.0008911410843276471,4.759121198869746
4.71238898038469,-0.0008882514973741519,4.758961303841621
4.71238898038469,-0.0008856398392815303,4.758802034581663
4.71238898038469,-0.0008824802989133747,4.758643168964621
4.71238898038469,-0.0008793510214665061,4.758484707055301
4.71238898038469,-0.0008766016335777956,4.758326977221819
4.71238898038469,-0.0008730929967244137,4.758169816885877
4.71238898038469,-0.0008708694988363297,4.75801305884379
4.71238898038469,-0.000867519536176968,4.757857061096658
4.71238898038469,-0.0008640639862830396,4.757701379732286
4.71238898038469,-0.0008612913641458352,4.757546478651932
4.71238898038469,-0.000858424272327768,4.757391812493201
4.71238898038469,-0.0008556469558304337,4.757237815649755
4.71238898038469,-0.0008528015786034397,4.757084229715144
4.71238898038469,-0.0008498157374304816,4.756931330862395
4.71238898038469,-0.0008467907045318357,4.756778850718742
4.71238898038469,-0.0008435850473256165,4.756627075606792
4.71238898038469,-0.0008407498675646469,4.756475672762189
4.71238898038469,-0.0008379457773654286,4.756325039371564
4.71238898038469,-0.0008352417148441184,4.756174611054119
4.71238898038469,-0.0008326836179506393,4.756024716889809
4.71238898038469,-0.0008298835456413585,4.7558752968589975
4.71238898038469,-0.0008268411138123571,4.75572647642292
4.71238898038469,-0.0008239114461303931,4.755578164018289
4.71238898038469,-0.000820893972277404,4.7554305231981795
4.71238898038469,-0.0008181938253754573,4.755283253015045
4.71238898038469,-0.0008152579578430998,4.755136516518833
4.71238898038469,-0.0008124201939762564,4.754990147141193
4.71238898038469,-0.0008101375006933503,4.754844313316394
4.71238898038469,-0.0008072489711405222,4.754699029079657
4.71238898038469,-0.0008042364505700568,4.754554234903859
4.71238898038469,-0.0008014218007646179,4.754410102073301
4.71238898038469,-0.0007992660181428204,4.754266124907991
4.71238898038469,-0.0007959242028737247,4.754122719325944
4.71238898038469,-0.0007935943312528324,4.7539800250597395
4.71238898038469,-0.0007907148766369346,4.753837700249726
4.71238898038469,-0.0007877544390555782,4.753696021895903
4.71238898038469,-0.0007854031676642961,4.753554491211105
4.71238898038469,-0.0007825935774100519,4.75341379712979
4.71238898038469,-0.0007799189323203573,4.753273394953638
4.71238898038469,-0.0007770681967912453,4.753133381749205
4.71238898038469,-0.0007748838440537788,4.752994039797999
4.71238898038469,-0.0007719865948235989,4.752854961584628
4.71238898038469,-0.0007693960582919185,4.752716482147606
4.71238898038469,-0.0007668938624124134,4.752578432992005
4.71238898038469,-0.0007640771639643266,4.752441005310973
4.71238898038469,-0.0007613712102415154,4.752303850798314
4.71238898038469,-0.0007588420988307205,4.752167171747962
4.71238898038469,-0.0007563263427809476,4.752031119798792
4.71238898038469,-0.0007536379935995131,4.751895460076371
4.71238898038469,-0.0007510731613292326,4.751760388069478
4.71238898038469,-0.0007485886029624765,4.751625643213734
4.71238898038469,-0.0007460032262278683,4.751491371884945
4.71238898038469,-0.0007434186959037227,4.751357553297409
4.71238898038469,-0.0007408445893273101,4.751224162133177
4.71238898038469,-0.0007382637564969374,4.7510911913000164
4.71238898038469,-0.0007358723379839519,4.750958846041115
4.71238898038469,-0.0007331498730044766,4.750826772214271
4.71238898038469,-0.0007309853166331017,4.750695192159942
4.71238898038469,-0.000728421997447503,4.750564029277934
4.71238898038469,-0.0007257757987390347,4.750433362505532
4.71238898038469,-0.0007232589782867546,4.750303256559578
4.71238898038469,-0.000720535838978402,4.75017365779139
4.71238898038469,-0.0007181882377348334,4.75004427353714
4.71238898038469,-0.0007157740247792921,4.749915551523462
4.71238898038469,-0.0007133512417331206,4.749787021987773
4.71238898038469,-0.0007114523653595217,4.749659086019306
4.71238898038469,-0.000708510889152459,4.749531549619871
4.71238898038469,-0.0007059250782165752,4.749404376588474
4.71238898038469,-0.0007035893776831149,4.749277633998072
4.71238898038469,-0.0007010705837136068,4.7491515358851615
4.71238898038469,-0.0006988900967771598,4.7490257381875205
4.71238898038469,-0.0006967308474372623,4.748900320176286
4.71238898038469,-0.000694172386748064,4.748775490364789
4.71238898038469,-0.0006914681883994876,4.748650906621355
4.71238898038469,-0.0006894493081531818,4.748526816663661
4.71238898038469,-0.0006868920703634873,4.748403173113731
4.71238898038469,-0.0006847755398074439,4.748279909372578
4.71238898038469,-0.0006824644563573068,4.74815718948377
4.71238898038469,-0.0006798900072458383,4.748034678391333
4.71238898038469,-0.0006777746821183608,4.747912800648486
4.71238898038469,-0.0006753030000628581,4.747791138415407
4.71238898038469,-0.0006728459888989749,4.747670116777227
4.71238898038469,-0.0006706970147455499,4.747549300331036
4.71238898038469,-0.0006682390410245771,4.747429001072059
4.71238898038469,-0.0006662467590498426,4.7473090846328025
4.71238898038469,-0.0006639479060244584,4.747189686103511
4.71238898038469,-0.0006613950205322551,4.74707052171912
4.71238898038469,-0.000659443181602385,4.746951774373937
4.71238898038469,-0.0006569134165194598,4.746833690200246
4.71238898038469,-0.0006546224386576455,4.746715753063947
4.71238898038469,-0.0006529582117854836,4.746598432543896
4.71238898038469,-0.0006503615060194506,4.7464812523141475
4.71238898038469,-0.0006480891535439112,4.746364597212007
4.71238898038469,-0.0006461138057284009,4.746248185370424
4.71238898038469,-0.0006438080191253255,4.746132418843409
4.71238898038469,-0.0006413131426336559,4.746016970202809
4.71238898038469,-0.0006392517278023119,4.745901880996766
4.71238898038469,-0.0006370892484630422,4.745787312901278
4.71238898038469,-0.0006353231539507481,4.745672645247772
4.71238898038469,-0.0006329244520259271,4.7455588421352815
4.71238898038469,-0.0006306211844549214,4.745445289970332
4.71238898038469,-0.0006285500791433501,4.745332200292617
4.71238898038469,-0.0006262857842892315,4.745219465733856
4.71238898038469,-0.0006242172712355269,4.74510701176698
4.71238898038469,-0.0006220332609504983,4.744995135714449
4.71238898038469,-0.0006196796151426813,4.7448835908305185
4.71238898038469,-0.0006177541274738595,4.744772487717519
4.71238898038469,-0.0006156123814072649,4.74466158552358
4.71238898038469,-0.0006136021504163681,4.744551150803387
4.71238898038469,-0.0006115851523437882,4.744441024242956
4.71238898038469,-0.0006095644898831513,4.744331337923989
4.71238898038469,-0.0006073388866212233,4.744222112554034
4.71238898038469,-0.0006052253963878818,4.744113089490705
4.71238898038469,-0.0006031143011597101,4.74400452319644
4.71238898038469,-0.0006012093667570537,4.7438963038076185
4.71238898038469,-0.0005994543645251489,4.743788483932947
4.71238898038469,-0.0005967857424291761,4.743681082578524
4.71238898038469,-0.0005947804447928688,4.743573909506702
4.71238898038469,-0.0005926189021739948,4.743467183780832
4.71238898038469,-0.0005909542806495569,4.743360814647804
4.71238898038469,-0.0005887794443609658,4.743255032547407
4.71238898038469,-0.0005866659043118547,4.743149396152886
4.71238898038469,-0.0005847259609260275,4.743044134790135
4.71238898038469,-0.0005825311948731288,4.742939170402037
4.71238898038469,-0.0005809260171098923,4.7428347738458125
4.71238898038469,-0.0005787175318754632,4.742730546673064
4.71238898038469,-0.0005768197799423044,4.7426266237834
4.71238898038469,-0.0005749224354547403,4.742523145862464
4.71238898038469,-0.0005727107181221491,4.742420050904151
4.71238898038469,-0.0005706981079398946,4.742317324975067
4.71238898038469,-0.0005690441242727634,4.742214987853506
4.71238898038469,-0.0005670855809984665,4.742112918874062
4.71238898038469,-0.0005649912723306172,4.742011077849607
4.71238898038469,-0.0005632547534287526,4.741909735600554
4.71238898038469,-0.0005610453220859304,4.741808757049583
4.71238898038469,-0.0005590742059811901,4.741708193247767
4.71238898038469,-0.000557389840739872,4.741607791529985
4.71238898038469,-0.000555472520776968,4.7415077984664435
4.71238898038469,-0.0005536728750786847,4.7414081478990555
4.71238898038469,-0.000549722605838493,4.741308812642451
4.71238898038469,-0.000549722605838493,4.741209852877283
4.71238898038469,-0.0005478262936156192,4.741111331225804
4.71238898038469,-0.0005460023996383054,4.74101296243239
4.71238898038469,-0.0005442577744784807,4.740915007454396
4.71238898038469,-0.0005423594406155745,4.7408174544204
4.71238898038469,-0.0005403602731098404,4.740720078585239
4.71238898038469,-0.0005386907971374026,4.740623235935399
4.71238898038469,-0.000536898024266548,4.740526497610246
4.71238898038469,-0.0005350081373826053,4.7404302077175835
4.71238898038469,-0.0005330191612113767,4.740334340647227
4.71238898038469,-0.0005311253899688874,4.740238603003029
4.71238898038469,-0.0005296310023290354,4.7401433258820145
4.71238898038469,-0.000527776844971739,4.740048392617727
4.71238898038469,-0.0005258177547428772,4.739953748445378
4.71238898038469,-0.000524111942120313,4.739859420981716
4.71238898038469,-0.0005224034251092753,4.739765390921004
4.71238898038469,-0.0005206043356788502,4.7396716719525624
4.71238898038469,-0.0005186641600019061,4.739578319615788
4.71238898038469,-0.0005168680724847614,4.739485202044868
4.71238898038469,-0.0005151473549377325,4.739392547238456
4.71238898038469,-0.0005133341769947043,4.739300077340189
4.71238898038469,-0.00051150631799457,4.739208068083962
4.71238898038469,-0.0005097574794261824,4.739116250352211
4.71238898038469,-0.0005080557212557932,4.739024716139889
4.71238898038469,-0.0005064994866330746,4.738933601312596
4.71238898038469,-0.0005050847093905717,4.738842652770832
4.71238898038469,-0.000502775645134167,4.7387521626268505
4.71238898038469,-0.000501267716422657,4.738662058540903
4.71238898038469,-0.0004993374971748246,4.738572049730668
4.71238898038469,-0.0004978704730257827,4.7384824882556735
4.71238898038469,-0.0004960622144971078,4.738393273888122
4.71238898038469,-0.0004943496765408527,4.738304284030146
4.71238898038469,-0.0004926554346726189,4.738215223101493
4.71238898038469,-0.0004909745221364763,4.73812623897135
4.71238898038469,-0.000488809480242814,4.738038337363404
4.71238898038469,-0.0004870068496219647,4.737950661375333
4.71238898038469,-0.0004854324587852815,4.737863214660226
4.71238898038469,-0.00048392111056746144,4.737776107386058
4.71238898038469,-0.000482294993101276,4.737689305546958
4.71238898038469,-0.0004804907249276076,4.737602775336228
4.71238898038469,-0.0004791602594636287,4.737516647072743
4.71238898038469,-0.00047728021681993187,4.737430741631554
4.71238898038469,-0.00047582576614772255,4.737345013946807
4.71238898038469,-0.0004743936191304379,4.737259615033613
4.71238898038469,-0.00047268529247625375,4.737174607629773
4.71238898038469,-0.000471021080129707,4.737089829171642
4.71238898038469,-0.00046936077576570714,4.737005345319748
4.71238898038469,-0.0004678914526938041,4.7369210500410155
4.71238898038469,-0.0004661813032275832,4.7368371372864395
4.71238898038469,-0.00046461940543997444,4.736753588222751
4.71238898038469,-0.0004632390604765238,4.736670204476023
4.71238898038469,-0.000461468126776542,4.736587140688746
4.71238898038469,-0.0004598820003633812,4.736504361908814
4.71238898038469,-0.0004585251261322986,4.7364218268743965
4.71238898038469,-0.00045671159145886306,4.736339618866442
4.71238898038469,-0.0004551783099538704,4.736257684895225
4.71238898038469,-0.00045372511386932574,4.736176060795435
4.71238898038469,-0.0004520269331904445,4.736094648886033
4.71238898038469,-0.00045070653039456544,4.736013512600386
4.71238898038469,-0.0004490126804696133,4.73593269289977
4.71238898038469,-0.00044746273000591946,4.735852021217127
4.71238898038469,-0.0004462262563995085,4.735771756389782
4.71238898038469,-0.0004445912154110096,4.735691700854996
4.71238898038469,-0.0004428897631975695,4.7356120160311885
4.71238898038469,-0.00044152653651228883,4.735532480791001
4.71238898038469,-0.0004398916155306052,4.73545342440454
4.71238898038469,-0.0004383731711509291,4.735374447889321
4.71238898038469,-0.00043688945600132804,4.73529579745629
4.71238898038469,-0.0004355705753419335,4.735217468289761
4.71238898038469,-0.0004340061529284206,4.735139275734621
4.71238898038469,-0.00043262382206206255,4.735061414289588
4.71238898038469,-0.0004311170143172869,4.734983877778679
4.71238898038469,-0.00042950148573236285,4.734906502519211
4.71238898038469,-0.0004279892276853447,4.734829485194947
4.71238898038469,-0.00042667382838825624,4.734752726918016
4.71238898038469,-0.00042513351726963106,4.734676132989386
4.71238898038469,-0.00042378747944701,4.73459985558962
4.71238898038469,-0.0004221245189653892,4.7345239335738665
4.71238898038469,-0.0004208159961628117,4.734448104054333
4.71238898038469,-0.00041936325254376267,4.734372705307225
4.71238898038469,-0.0004179239574424419,4.734297411808762
4.71238898038469,-0.0004164002719022272,4.73422246742629
4.71238898038469,-0.00041501596575281227,4.7341477559855285
4.71238898038469,-0.00041366012924263194,4.734073297765754
4.71238898038469,-0.00041233590256162245,4.733999082240438
4.71238898038469,-0.00041081042035976713,4.733925201578381
4.71238898038469,-0.0004096062463815244,4.733851373294257
4.71238898038469,-0.0004081390726204757,4.733777931364102
4.71238898038469,-0.00040669702623917156,4.733704694552799
4.71238898038469,-0.00040515082215019683,4.733631807725868
4.71238898038469,-0.00040377295408590246,4.733559131262547
4.71238898038469,-0.00040252938445597963,4.733486597183289
4.71238898038469,-0.00040118368882389316,4.733414449526644
4.71238898038469,-0.00039955530156567977,4.733342538300208
4.71238898038469,-0.0003982962621537512,4.733270887346645
4.71238898038469,-0.0003970357034012266,4.733199376090573
4.71238898038469,-0.0003957257774120735,4.733128202580462
4.71238898038469,-0.0003942983682532486,4.733057174116187
4.71238898038469,-0.00039303017804818985,4.732986425378205
4.71238898038469,-0.00039143706101013066,4.732915946952021
4.71238898038469,-0.00038888585460863934,4.7328457737635
4.71238898038469,-0.00038888585460863934,4.7327756231728
4.71238898038469,-0.00038768274327620825,4.732705937758386
4.71238898038469,-0.00038619384145872904,4.732636492873979
4.71238898038469,-0.0003847934290332391,4.732567227645715
4.71238898038469,-0.0003836156477482842,4.732498156727736
4.71238898038469,-0.0003823826754519293,4.732429286148243
4.71238898038469,-0.00038098614926260904,4.732360657612509
4.71238898038469,-0.0003798155001301616,4.732292336119928
4.71238898038469,-0.00037826162429235,4.732224247063241
4.71238898038469,-0.00037713987506036474,4.732156415280478
4.71238898038469,-0.00037583526674586296,4.732088773706714
0.0,-0.8328907383751752,4.7320210418904285
0.0,-1.0,4.731953409187655
0.0,-1.0,4.552129104487655
0.0,-1.0,4.372129062187655
0.0,-1.0,4.191957143287654
0.0,-1.0,4.011966541087655
0.0,-1.0,3.8321072605876543
0.0,-1.0,3.6518975767876545
0.0,-1.0,3.4718531158876544
0.0,-1.0,3.2921062741876543
0.0,-1.0,3.111846807787655
0.0,-1.0,2.932072284787655
0.0,-1.0,2.751960232987655
0.0,-1.0,2.572079494687655
0.0,-1.0,2.3920783786876547
0.0,-1.0,2.2119568849876545
0.0,-1.0,2.0319680008876544
0.0,-1.0,1.8521207362876544
0.0,-1.0,1.6719769270876546
0.0,-1.0,1.4921212942876545
0.0,-1.0,1.3121186761876542
0.0,-0.9824970471882204,1.1351209583213255
0.0,-0.8773165070383561,0.9771917129578298
0.0,-0.7762058017865129,0.8374946223259424
0.0,-0.6851502746516196,0.7141140292168672
0.0,-0.6057316756196816,0.6051280527751878
0.0,-0.5357824432094365,0.5086744287997684
0.0,-0.47373198608214967,0.42348224435092274
0.0,-0.4187635303601305,0.3480993998013302
0.0,-0.3701429200664153,0.2814229060527165
0.0,-0.3270984787443992,0.2225402526962098
0.0,-0.28897781619146234,0.17052596959221572
0.0,-0.2552452897269344,0.12462222670150873
0.0,-0.2254157013878042,0.08404255378870842
0.0,-0.19902474079092786,0.04817688065120342
0.0,-0.17565001259583543,0.016579130608973616
0.0,-0.15495055995935167,6.271891251449916
0.0,-1.0,6.091717615349916
0.0,-1.0,5.911893525749916
0.0,-1.0,5.7318621544499155
0.0,-1.0,5.551740017249916
0.0,-1.0,5.371727314649915
0.0,-1.0,5.191710319949915
0.0,-1.0,5.011724653349916
0.0,-1.0,4.831888547849916
0.0,-1.0,4.651897945649916
0.0,-1.0,4.471652212349916
0.0,-1.0,4.291896787349916
0.0,-1.0,4.111725082649915
0.0,-1.0,3.931719461249916
0.0,-1.0,3.751872410849916
0.0,-1.0,3.571710148049916
0.0,-1.0,3.391745725049916
0.0,-1.0,3.211900821149916
0.0,-1.0,3.0318990616499164
0.0,-1.0,2.8516200688499165
0.0,-1.0,2.6717084317499165
0.0,-1.0,2.4917133241499165
0.0,-1.0,2.3119018939499165
0.0,-1.0,2.1317117365499167
0.0,-1.0,1.9514662174499169
0.0,-1.0,1.7718878179499165
0.0,-1.0,1.5917210488499163
0.0,-1.0,1.4119038253499165
0.0,-1.0,1.231880178749917
0.0,-1.0,1.051865974049917
0.0,-1.0,0.8718781618499165
0.0,-0.9527676605512171,0.7001683447655361
0.0,-0.8476276301108506,0.5478068626612838
0.0,-0.7484979523089612,0.41293666512662186
0.0,-0.6601833174652583,0.29420549360146825
0.0,-0.5829199861570948,0.1892001940846957
0.0,-0.5147088654660583,0.0965184488602369
0.0,-0.45420068019452264,0.014869806294021149
0.0,-0.4006224174795413,6.225870765460125
0.0,-1.0,6.045873082960125
0.0,-1.0,5.866028393260125
0.0,-1.0,5.6858624827601245
0.0,-1.0,5.506034959660124
0.0,-1.0,5.325877631560124
0.0,-1.0,5.146038306760125
0.0,-1.0,4.966024959760125
0.0,-1.0,4.785880077760124
0.0,-1.0,4.6060435420601245
0.0,-1.0,4.426041997660125
0.0,-1.0,4.2460166347601245
0.0,-1.0,4.066029036760124
0.0,-1.0,3.8860491643601236
0.0,-1.0,3.705990756160123
0.0,-1.0,3.5260316980601236
0.0,-1.0,3.3458747992601237
0.0,-1.0,3.1657676821601233
0.0,-1.0,2.986018693960123
0.0,-1.0,2.8060409671601225
0.0,-1.0,2.625776136760122
0.0,-1.0,2.4460391653601214
0.0,-1.0,2.265784848760122
0.0,-1.0,2.085892308760123
0.0,-1.0,1.9058669458601225
0.0,-1.0,1.7260454302601222
0.0,-1.0,1.545878017660123
0.0,-1.0,1.3658764732601232
0.0,-1.0,1.1857526188601237
0.0,-1.0,1.0060452592601237
0.0,-1.0,0.8260411390601241
0.0,-1.0,0.6458664310601249
0.0,-1.0,0.46587153766012496
0.0,-0.93456260469873,0.29781607106135377
0.0,-0.8292251796823366,0.14845764097427733
0.0,-0.7311199880071898,0.016819615152691862
0.0,-0.6441676537806934,6.184051952571475
0.0,-1.0,6.004057059171475
0.0,-1.0,5.824062165771474
0.0,-1.0,5.644050965271475
0.0,-1.0,5.464135036071476
0.0,-1.0,5.284102377771475
0.0,-1.0,5.104213700571476
0.0,-1.0,4.923937282671476
0.0,-1.0,4.744050106671477
0.0,-1.0,4.564048347171477
0.0,-1.0,4.384201083471478
0.0,-1.0,4.204012213071477
0.0,-1.0,4.024034485371477
0.0,-1.0,3.844203529671477
0.0,-1.0,3.6642294505714763
0.0,-1.0,3.484198508571476
0.0,-1.0,3.3040371034714764
0.0,-1.0,3.124240479171477
0.0,-1.0,2.943967924071477
0.0,-1.0,2.7643075561714783
