0,0,0
0,0,0.0
0,0,0.0
0,0,0.0
0,0.0,0.0
0.0,0.0,0.0
0.0,0.0,0.0
0.0,0.0,0.0
0.0,0.0,0.0
0.0,0.0,0.0
0.0,0.0,0.0
0.0,0.0,0.0
0.0,0.0,0.0
0.0,0.0,0.0
0.0,0.0,0.0
0.0,0.0,0.0
0.0,0.0,0.0
0.0,0.0,0.0
0.0,0.0,0.0
0.0,0.0,0.0
0.0,0.0,0.0
0.0,0.0,0.0
0.0,0.0,0.0
0.0,0.0,0.0
0.0,0.0,0.0
0.0,0.0,0.0
0.0,0.0,0.0
0.0,0.0,0.0
0.0,0.0,0.0
0.0,0.0,0.0
0.0,0.0,0.0
0.0,0.0,0.0
0.0,0.0,0.0
0.0,0.0,0.0
0.0,0.0,0.0
0.0,0.0,0.0
0.0,0.0,0.0
0.0,0.0,0.0
0.0,0.0,0.0
0.0,0.0,0.0
0.0,0.0,0.0
0.0,0.0,0.0
0.0,0.0,0.0
0.0,0.0,0.0
0.0,0.0,0.0
0.0,0.0,0.0
0.0,0.0,0.0
0.0,0.0,0.0
0.0,0.0,0.0
0.0,0.0,0.0
0.0,0.0,0.0
0.0,0.0,0.0
0.0,0.0,0.0
0.0,0.0,0.0
0.0,0.0,0.0
0.0,0.0,0.0
0.0,0.0,0.0
0.0,0.0,0.0
0.0,0.0,0.0
0.0,0.0,0.0
0.0,0.0,0.0
0.0,0.0,0.0
0.0,0.0,0.0
0.0,0.0,0.0
0.0,0.0,0.0
0.0,0.0,0.0
0.0,0.0,0.0
0.0,0.0,0.0
0.0,0.0,0.0
0.0,0.0,0.0
0.0,0.0,0.0
0.0,0.0,0.0
0.0,0.0,0.0
0.0,0.0,0.0
0.0,0.0,0.0
0.0,0.0,0.0
0.0,0.0,0.0
0.0,0.0,0.0
0.0,0.0,0.0
0.0,0.0,0.0
0.0,0.0,0.0
0.0,0.0,0.0
0.0,0.0,0.0
1.5707963267948966,0.3236843118521814,0.0
1.5707963267948966,0.9693602398584631,0.0
1.5707963267948966,1.0,0.0
1.5707963267948966,1.0,0.18000476370000004
1.5707963267948966,1.0,0.3599981550000001
1.5707963267948966,0.9626310262113026,0.5330121369015703
1.5707963267948966,0.8327049009676385,0.6828797578619514
1.5707963267948966,0.7116446166450933,0.811128521598706
1.5707963267948966,0.6125931388632232,0.9212709630218893
1.5707963267948966,0.5290733325748728,1.0165906931992603
1.5707963267948966,0.4564346293182307,1.0988009523561821
1.5707963267948966,0.3934137660895392,1.1694534499237044
1.5707963267948966,0.33912773276268754,1.2306005158491635
1.5707963267948966,0.29242424338451495,1.2832729721498584
1.5707963267948966,0.25209658193973267,1.3286205076553226
1.5707963267948966,0.2172766625179659,1.3677338596427204
1.5707963267948966,0.1872885481940208,1.401410561587983
1.5707963267948966,0.16144340477781952,1.4305014206443587
1.5707963267948966,0.13914671592097608,1.4555209038692116
1.5707963267948966,0.11990776150605491,1.477124297849771
1.5707963267948966,0.10331611922840993,1.495726036643908
1.5707963267948966,0.08900491695886516,1.5117190609768754
1.5707963267948966,0.07666625315138301,1.5255288274090457
1.5707963267948966,0.06603506264312164,1.5374327259681286
1.5707963267948966,0.05685709563559084,1.547660405297529
1.5707963267948966,0.04893359144015998,1.5564677713792092
1.5707963267948966,0.042108295802567836,1.564041104238947
1.5707963267948966,0.03622821267835679,1.5705576364491431
1.5707963267948966,0.03115750761407104,1.5761698935877373
1.5707963267948966,0.026782530042602844,1.580992893745768
1.5707963267948966,0.02300611242336423,1.5851381959977942
1.5707963267948966,0.019748021649495802,1.5886874676369698
1.5707963267948966,0.01694053259983577,1.5917398503833795
1.5707963267948966,0.014521604492879668,1.5943512314271746
1.5707963267948966,0.012435450698539767,1.5965895997493722
1.5707963267948966,0.010636181548149853,1.5985055210498873
1.5707963267948966,0.009084663990066036,1.6001384275800545
1.5707963267948966,0.0077464591722917475,1.6015349913231456
1.5707963267948966,0.006592907306515253,1.6027210061644988
1.5707963267948966,0.005596992060094636,1.6037295939049567
1.5707963267948966,0.004740063797160847,1.6045828249141905
1.5707963267948966,0.004000600870954274,1.6053012730272316
1.5707963267948966,0.003363671757056142,1.6059074197672454
1.5707963267948966,0.002814855003936599,1.6064139319148447
1.5707963267948966,0.0023414781585122876,1.606835340305745
1.5707963267948966,0.0019331426161686288,1.6071833180893405
1.5707963267948966,0.0015816227188765394,1.6074680173729068
1.5707963267948966,0.0012783097901251754,1.6076984925411828
1.5707963267948966,0.0010168679944635751,1.607881378922926
1.5707963267948966,0.0007917860904718584,1.6080240057903412
1.5707963267948966,0.0005979503860587196,1.6081315724760026
1.5707963267948966,0.00043152962459275246,1.6082091835651038
1.5707963267948966,0.00028763402858016096,1.608286926788878
1.5707963267948966,0.0001585952376740099,1.608364516210445
1.5707963267948966,3.166130698120315e-05,1.6083702209470454
1.5707963267948966,-8.319774013869352e-05,1.6083552440648712
1.5707963267948966,-0.00016462248755466993,1.60832563634843
1.5707963267948966,-0.00022178396560629948,1.608285681436408
1.5707963267948966,-0.00027216713487816444,1.608236723752702
1.5707963267948966,-0.00031773851365371475,1.608179457650466
1.5707963267948966,-0.00035674938340419723,1.6081152827817777
1.5707963267948966,-0.0003897478582050688,1.608045194720528
1.5707963267948966,-0.0004176969174783003,1.6079700173239837
1.5707963267948966,-0.00044204645790852856,1.6078903221244187
1.5707963267948966,-0.0004635582854652931,1.607806929557081
1.5707963267948966,-0.0004801819235605402,1.6077205223430733
1.5707963267948966,-0.0004949514074828881,1.6076314832152372
1.5707963267948966,-0.0005073958346205228,1.607540004090578
1.5707963267948966,-0.0005182269312508855,1.607446836533009
1.5707963267948966,-0.0005270789350186704,1.607351861530821
1.5707963267948966,-0.0005346199116783718,1.6072556247617613
1.5707963267948966,-0.0005408050227954965,1.6071584306916402
1.5707963267948966,-0.0005456519004225259,1.6070600628727385
1.5707963267948966,-0.000550149923565512,1.6069610375159857
1.5707963267948966,-0.0005535125687980424,1.6068615367089076
1.5707963267948966,-0.0005561048189178866,1.6067614365051823
1.5707963267948966,-0.0005581859292141146,1.6066609888852255
1.5707963267948966,-0.0005596819128325763,1.6065600838690368
1.5707963267948966,-0.0005610232583437881,1.6064591125393364
1.5707963267948966,-0.0005616934579170049,1.6063580882044384
1.5707963267948966,-0.0005620376322023959,1.6062569373254598
1.5707963267948966,-0.0005622223533076863,1.6061557940993652
1.5707963267948966,-0.0005620476915997562,1.6060544544762334
1.5707963267948966,-0.0005618832216249883,1.605953470160092
1.5707963267948966,-0.0005612270294211436,1.6058524182005738
1.5707963267948966,-0.0005606450638568454,1.6057513758687574
1.5707963267948966,-0.0005599082352755504,1.6056507574395171
1.5707963267948966,-0.0005588101860251847,1.6055501715818918
1.5707963267948966,-0.0005579011634937146,1.6054496032993215
1.5707963267948966,-0.0005569572809080749,1.6053493592109516
1.5707963267948966,-0.0005557517697308868,1.6052494265441422
1.5707963267948966,-0.000554439758924833,1.605149671144476
1.5707963267948966,-0.0005530139689710056,1.6050501027375599
1.5707963267948966,-0.0005519699497449661,1.6049506941141019
1.5707963267948966,-0.0005506321248501429,1.6048516554534338
1.5707963267948966,-0.0005488981201229488,1.6047528564772406
1.5707963267948966,-0.000547633737537502,1.6046542560590846
1.5707963267948966,-0.0005463436629594941,1.6045557838131979
1.5707963267948966,-0.0005450216475988388,1.6044577815218546
1.5707963267948966,-0.0005434878504985349,1.604359963364859
1.5707963267948966,-0.000541971516872821,1.6042624351004011
1.5707963267948966,-0.0005404868071037447,1.6041651641521675
1.5707963267948966,-0.0005389662126234172,1.6040680391873985
1.5707963267948966,-0.0005373305946303267,1.603971423310481
1.5707963267948966,-0.000535927721391237,1.6038748192207803
1.5707963267948966,-0.0005343207256149896,1.6037786294285203
1.5707963267948966,-0.0005330222508567913,1.603682835573815
1.5707963267948966,-0.0005314234298755202,1.6035871238002626
1.5707963267948966,-0.0005300077581310535,1.6034917771980681
1.5707963267948966,-0.0005282234335196381,1.6033966084351556
1.5707963267948966,-0.0005269914093210017,1.6033016927400925
1.5707963267948966,-0.0005254707335814457,1.6032072576098808
1.5707963267948966,-0.0005237559106989892,1.6031129375807842
1.5707963267948966,-0.0005227570154706165,1.603018779825621
1.5707963267948966,-0.0005209264024533672,1.6029251158870175
1.0,-0.11756040602170899,1.6028312677375331
1.0,-0.3527618306161365,1.6027375900503789
1.0,-0.4508667023958065,1.521534932711957
1.0,-0.3950271931953108,1.4503983194653398
1.0,-0.3313930272176937,1.3907730886810172
1.0,-0.28389055727129275,1.3396460337879519
1.0,-0.24612646814888786,1.2954110709146134
1.0,-0.21274379565692636,1.2570376109008758
1.0,-0.18336957231809947,1.2240541766065989
1.0,-0.15807777499932163,1.19560363014183
1.0,-0.13637248289571463,1.171051836803609
1.0,-0.11766859736883686,1.1498900927177629
1.0,-0.10151971247611691,1.1315895064732386
1.0,-0.08758858802480876,1.1158195160330264
1.0,-0.07556653548545776,1.1022203902118353
1.0,-0.06519987588578383,1.090490243748934
1.0,-0.0562688237569247,1.08037368558212
1.0,-0.04857150494108286,1.0716146371467177
1.0,-0.041928916157109974,1.064069292813128
1.0,-0.0361926985435115,1.0575568965313047
1.0,-0.031247085274153708,1.0519303882715865
1.0,-0.026986281526979336,1.047080523217313
1.0,-0.023311727548921295,1.0428815950525512
1.0,-0.0201435689121571,1.0392544204957341
1.0,-0.017409195735718273,1.0361210297438064
1.0,-0.01504893174579275,1.0334117531620366
1.0,-0.013014483179680899,1.031071078114238
1.0,-0.01126055318211197,1.0290428853592615
1.0,-0.009748116394415923,1.0272882595541255
1.0,-0.008442849007838846,1.0257685608584453
1.0,-0.007317031167326401,1.024450626689654
1.0,-0.0063463091913277155,1.0233100814921379
1.0,-0.005509073688394333,1.0223183427829037
1.0,-0.00478745319318555,1.0214553898450724
1.0,-0.004164653919833576,1.0207058806423979
1.0,-0.0036266838142620748,1.0200533186425387
1.0,-0.0031627502136983184,1.0194845935367218
1.0,-0.0027633863327636947,1.018987140592868
1.0,-0.0024188731256741605,1.0185514843275723
1.0,-0.0021213419213049964,1.0181692894637548
1.0,-0.001864359657781119,1.0178341571002936
1.0,-0.0016426341373724108,1.017538537869647
1.0,-0.0014515776343234591,1.0172772958824972
1.0,-0.0012868740059595162,1.017045409157521
1.0,-0.0011445350244477185,1.0168394630439053
1.0,-0.0010215217479454374,1.0166332563567475
1.0,-0.0009108314682203383,1.0164275187491432
3.141592653589793,0.44079705280107456,1.0164275187491432
3.141592653589793,1.0,1.0164275187491432
3.141592653589793,1.0,1.0164275187491432
3.141592653589793,1.0,1.1963438763491432
3.141592653589793,1.0,1.3762591620491433
3.141592653589793,1.0,1.556525279449143
3.141592653589793,1.0,1.736410309849143
3.141592653589793,1.0,1.916352845749143
3.141592653589793,0.9851683459981032,2.0935929250309564
3.141592653589793,0.8631019600155201,2.2489466846640496
3.141592653589793,0.744951383789629,2.3831722395412633
3.141592653589793,0.6402151110874892,2.4984006837003494
3.141592653589793,0.5515619263237671,2.5975959304048466
3.141592653589793,0.47577434929266654,2.6832449301520263
3.141592653589793,0.41026535440348777,2.757044821393298
3.141592653589793,0.35363396975740014,2.8207800685292317
3.141592653589793,0.3047867486550448,2.8756016713399566
3.141592653589793,0.2626607361079608,2.9229493755382085
3.141592653589793,0.226336508498867,2.9636634394188417
3.141592653589793,0.19500837295925244,2.998736584533744
3.141592653589793,0.1680099053547423,3.0290238349598213
3.141592653589793,0.14473266634646814,3.0550590439134324
3.141592653589793,0.1246394247553003,3.077504228534859
3.141592653589793,0.10731315506902894,3.0968243544466616
3.141592653589793,0.09237751762291047,3.1134253138827455
3.141592653589793,0.07950096395692388,3.1277361049505297
3.141592653589793,0.0684044728535935,3.1400606407198643
3.141592653589793,0.05882806080280222,3.1506493659981065
3.141592653589793,0.05056014555699101,3.1597436958011027
3.141592653589793,0.043434286640958386,3.1675605737627124
3.141592653589793,0.037295263685826766,3.1742763717446083
3.141592653589793,0.03199949904800955,3.180040237940113
3.141592653589793,0.027429134936241748,3.1849720744896532
3.141592653589793,0.0234881308885814,3.1892006043397556
3.141592653589793,0.02009261825379808,3.192816711695969
3.141592653589793,0.01716553925521639,3.195910653245753
3.141592653589793,0.014638776816630283,3.1985448798242384
3.141592653589793,0.012459467215444997,3.2007886030638284
3.141592653589793,0.010581380656415791,3.202691101852817
3.141592653589793,0.008963557138526729,3.204303911661759
3.141592653589793,0.007569461394863218,3.2056685460286696
3.141592653589793,0.006366451241426138,3.2068126482738295
3.141592653589793,0.005329373985757849,3.2077734636160518
3.141592653589793,0.004435000155126698,3.2085713888820266
3.141592653589793,0.0036646146863178047,3.2092303017550754
3.141592653589793,0.0030008426149766496,3.209770579116364
3.141592653589793,0.0024291444921042266,3.2102083636677343
3.141592653589793,0.0019360786374674477,3.210556790604926
3.141592653589793,0.0015112039166383304,3.2108287100938706
3.141592653589793,0.0011459521583280438,3.211034817520337
3.141592653589793,0.0008309368687391197,3.211184502978789
3.141592653589793,0.0005594110876274427,3.2112852020399734
3.141592653589793,0.0003258842417848823,3.211343886531055
3.141592653589793,0.00012551681235748596,3.211366484787678
3.141592653589793,-4.772325128242494e-05,3.211357908650106
3.141592653589793,-0.00019598439899619347,3.2113493051504314
3.141592653589793,-0.00032945933206458833,3.2113407281731257
3.141592653589793,-0.000462350296658344,3.2112574250379278
3.141592653589793,-0.0005784207434914659,3.211153246476501
3.141592653589793,-0.000661714883077022,3.2110343172431093
3.141592653589793,-0.0007199431509885001,3.2109045332597472
3.141592653589793,-0.0007715245963956507,3.2107658645790265
3.141592653589793,-0.0008176191647379094,3.2106184688798205
3.141592653589793,-0.0008569533942043156,3.210464286187712
3.141592653589793,-0.0008893188652039502,3.210304411412341
3.141592653589793,-0.0009176958363425886,3.2101391182124117
3.141592653589793,-0.0009420080527386132,3.2099693721749336
3.141592653589793,-0.0009623126067553472,3.2097962634453063
3.141592653589793,-0.000979086433109122,3.209620043392551
3.141592653589793,-0.00099323651904773,3.209441414866233
3.141592653589793,-0.0010053290755077313,3.2092602629508686
3.141592653589793,-0.0010145727007732225,3.2090777499791456
3.141592653589793,-0.0010226385138090918,3.2088937586074757
3.141592653589793,-0.0010289764236922905,3.208708394653602
3.141592653589793,-0.0010344393872386906,3.2085223482331875
3.141592653589793,-0.0010380898514292317,3.2083352832986076
3.141592653589793,-0.0010412697555665512,3.208148053105744
3.141592653589793,-0.0010431705199296093,3.2079602749801923
3.141592653589793,-0.001044841871372687,3.207772223352598
3.141592653589793,-0.0010456910097157296,3.207584000272421
3.141592653589793,-0.0010458429790074567,3.2073956735367077
3.141592653589793,-0.0010458557991068484,3.207207265947223
3.141592653589793,-0.001045291019505068,3.2070190590155137
3.141592653589793,-0.001044358776135304,3.206831337926275
3.141592653589793,-0.0010428349396033182,3.206643640347949
3.141592653589793,-0.0010414836196065702,3.2064561714639295
3.141592653589793,-0.0010400450611105297,3.206268820925935
3.141592653589793,-0.0010380843080539104,3.2060821196247877
3.141592653589793,-0.001036083735222841,3.205895713658861
3.141592653589793,-0.001034040952218429,3.205709468424165
3.141592653589793,-0.001031600018476235,3.2055236322882346
3.141592653589793,-0.0010297465109781676,3.205338144411992
3.141592653589793,-0.0010271769361095001,3.205153389393629
3.141592653589793,-0.0010243021805800348,3.204969136281678
3.141592653589793,-0.0010219463035487653,3.2047852019111693
3.141592653589793,-0.0010191418565994245,3.2046015383051856
3.141592653589793,-0.001016896872324001,3.2044185817051276
3.141592653589793,-0.0010140884586668647,3.2042361732528786
3.141592653589793,-0.0010112865109184951,3.2040541479300573
3.141592653589793,-0.0010085531236590783,3.203872636025351
3.141592653589793,-0.001005510914691976,3.203691623304548
3.141592653589793,-0.0010027726191052938,3.2035108593137194
3.141592653589793,-0.0010004824226948067,3.203330770073475
3.141592653589793,-0.0009975662487517328,3.2031513269064678
3.141592653589793,-0.0009946207362557455,3.2029724562649045
3.141592653589793,-0.0009916170971296379,3.2027938121572035
3.141592653589793,-0.000989122549768108,3.2026157719659065
3.141592653589793,-0.0009869296244640752,3.202438010657639
3.141592653589793,-0.0009834410611999633,3.2022609840504277
3.141592653589793,-0.0009805248369516364,3.2020847693667536
3.141592653589793,-0.0009773565938884926,3.2019086010261097
3.141592653589793,-0.0009749926037073767,3.2017330730254723
3.141592653589793,-0.0009721575565396559,3.201558195600041
3.141592653589793,-0.0009690260087943867,3.2013836854180955
3.141592653589793,-0.0009662543493841949,3.201210007359438
3.141592653589793,-0.0009638818165105603,3.2010364959748667
3.141592653589793,-0.0009608262406053739,3.2008632841360174
3.141592653589793,-0.0009582822639558203,3.2006910118665965
3.141592653589793,-0.0009552536441786857,3.2005188495109733
-1.5707963267948968,0.3215118067868554,3.2003471497845943
-1.5707963267948968,0.9684214879194982,3.200175062859811
-1.5707963267948968,1.0,3.380296556559811
-1.5707963267948968,1.0,3.560297672559811
-1.5707963267948968,0.9393553988548508,3.7293677760863178
-1.5707963267948968,0.8212103059860162,3.876960819422549
-1.5707963267948968,0.7132455855283573,4.005515854767115
-1.5707963267948968,0.6137322872995343,4.116011528944721
-1.5707963267948968,0.5281066390591582,4.211070973505755
-1.5707963267948968,0.45527259190743313,4.292966622369558
-1.5707963267948968,0.39258425767272737,4.363561465956998
-1.5707963267948968,0.33840512342974627,4.424494879585952
-1.5707963267948968,0.29165073075084463,4.477058172206034
-1.5707963267948968,0.2513044435751255,4.522294223244121
-1.5707963267948968,0.21648290977307824,4.561260366495792
-1.5707963267948968,0.1864746623876084,4.594771716027207
-1.5707963267948968,0.16062639483617258,4.623684439486041
-1.5707963267948968,0.13834587603053983,4.648586881323734
-1.5707963267948968,0.11911735676152649,4.670028930725318
-1.5707963267948968,0.10252015277909093,4.688484850535163
-1.5707963267948968,0.088207385667737,4.704359060695217
-1.5707963267948968,0.07586723365910697,4.718015149712279
-1.5707963267948968,0.06522705718853951,4.729756190777175
-1.5707963267948968,0.05605100382442264,4.739847298246851
-1.5707963267948968,0.04813667642879458,4.7485104043638025
-1.5707963267948968,0.04131199630981788,4.755946423639509
-1.5707963267948968,0.03542759172076009,4.762323308045802
-1.5707963267948968,0.030353865689173733,4.76778723312653
-1.5707963267948968,0.025977776877827083,4.772463373431574
-1.5707963267948968,0.022204853307177107,4.776459952577188
-1.5707963267948968,0.01895128274070907,4.77987126967232
-1.5707963267948968,0.016146167631857812,4.782778564489409
-1.5707963267948968,0.01372758559330238,4.785248443548618
-1.5707963267948968,0.011642327932208617,4.787344317896158
-1.5707963267948968,0.009844648367848013,4.789116361362691
-1.5707963267948968,0.008294875153674178,4.7906093929632885
-1.5707963267948968,0.006958595893634657,4.791860902783085
-1.5707963267948968,0.005806921200307312,4.792906977458168
-1.5707963267948968,0.00481367694907351,4.793773538674847
-1.5707963267948968,0.003959456843284456,4.794486281858507
-1.5707963267948968,0.003221544738705527,4.795066137238242
-1.5707963267948968,0.002586401060917329,4.795531760577221
-1.5707963267948968,0.0020387136751843365,4.795898642946119
-1.5707963267948968,0.0015678294899868842,4.796180854339843
-1.5707963267948968,0.001161699178772936,4.796389946283347
-1.5707963267948968,0.0008123801338998093,4.79653618206347
-1.5707963267948968,0.0005113133689218716,4.796628221234649
-1.5707963267948968,0.00025181567295796264,4.796673549471565
-1.5707963267948968,2.8340255651057578e-05,4.796678650913393
-1.5707963267948968,-0.00016233580990077795,4.796649408898832
-1.5707963267948968,-0.00032749147746456014,4.796620213630554
-1.5707963267948968,-0.0004747958885119724,4.7965909919239085
-1.5707963267948968,-0.0006196159619096045,4.796479460226552
-1.5707963267948968,-0.0007508841235421698,4.796344307980134
-1.5707963267948968,-0.0008427776715190863,4.796192618813194
-1.5707963267948968,-0.0009080240067893056,4.796029162178077
-1.5707963267948968,-0.0009645453864674178,4.795855513336258
-1.5707963267948968,-0.0010154680327823101,4.7956727639098435
-1.5707963267948968,-0.0010593924579341898,4.795482040942491
-1.5707963267948968,-0.0010951275369333255,4.795284936738149
-1.5707963267948968,-0.0011257582241905387,4.795082263008144
-1.5707963267948968,-0.0011522340958790914,4.7948749097763095
-1.5707963267948968,-0.001174261253098996,4.794663563361151
-1.5707963267948968,-0.0011923643471671644,4.794448747884385
-1.5707963267948968,-0.001208577952075858,4.794231282638757
-1.5707963267948968,-0.0012211104693056266,4.794011559211673
-1.5707963267948968,-0.0012327693721435884,4.7937897342097
-1.5707963267948968,-0.0012402723717847147,4.793566419394639
-1.5707963267948968,-0.0012464440509877411,4.793342062354094
-1.5707963267948968,-0.0012521428645498461,4.793116674435331
-1.5707963267948968,-0.0012565937604671756,4.792890469978072
-1.5707963267948968,-0.001259724193689457,4.792663744436499
-1.5707963267948968,-0.0012612253416946911,4.792436739789135
-1.5707963267948968,-0.0012626175814450316,4.792209459899535
-1.5707963267948968,-0.0012636673643729654,4.79198199104289
-1.5707963267948968,-0.001263354433379868,4.791754579330093
-1.5707963267948968,-0.0012660791773329572,4.791526674156342
-1.5707963267948968,-0.0012618541426939814,4.791299559580744
-1.5707963267948968,-0.001260726101924181,4.791072583921754
-1.5707963267948968,-0.0012589676102644429,4.79084600238548
-1.5707963267948968,-0.0012566051674305842,4.79061977996581
-1.5707963267948968,-0.0012554143028406517,4.790393786480616
-1.5707963267948968,-0.0012536121982556284,4.790168182767742
-1.5707963267948968,-0.0012499876756468867,4.789943134507874
-1.5707963267948968,-0.0012476282410423811,4.789718619731518
-1.5707963267948968,-0.0012446001262637549,4.7894945868485035
-1.5707963267948968,-0.0012411941463381718,4.78927116332638
-1.5707963267948968,-0.0012384775192874828,4.789048199051937
-1.5707963267948968,-0.0012360506081332129,4.788825772748924
-1.5707963267948968,-0.0012322364156148874,4.788603926513427
-1.5707963267948968,-0.0012304112874085907,4.788382452956755
-1.5707963267948968,-0.001227500082021618,4.788161483924823
-1.5707963267948968,-0.0012234090872285872,4.787941260261693
-1.5707963267948968,-0.001220030337477064,4.787721859730175
-1.5707963267948968,-0.0012161061427718792,4.787502754422613
-1.5707963267948968,-0.0012131642438826182,4.787284449105225
-1.5707963267948968,-0.0012101347899293804,4.787066674387166
-1.5707963267948968,-0.001206248756684812,4.786849291502799
-1.5707963267948968,-0.0012030010818766604,4.786632918786744
-1.5707963267948968,-0.0011992592098989674,4.786417094280164
-1.5707963267948968,-0.0011954248990969155,4.786201919030212
-1.5707963267948968,-0.0011929244020912541,4.785987187210626
-1.5707963267948968,-0.001189199777016696,4.785773097772411
-1.5707963267948968,-0.0011856235153156203,4.785559727211593
-1.5707963267948968,-0.0011821396860086306,4.7853469328853695
-1.5707963267948968,-0.0011791512184464933,4.78513466790414
-1.5707963267948968,-0.0011756311219825177,4.784923067874022
-1.5707963267948968,-0.0011725301088449658,4.784712020957853
-1.5707963267948968,-0.0011695539231941984,4.784501388521532
-1.5707963267948968,-0.0011658071447175414,4.784291662759161
-1.5707963267948968,-0.0011624349047419866,4.784082417192723
-1.5707963267948968,-0.0011593888105649042,4.783873708996534
-1.5707963267948968,-0.0011557018754523932,4.783665718567418
-1.5707963267948968,-0.0011518287470857203,4.783458357460104
1.0,-0.7632562420695738,4.783251041830443
1.0,-1.0,4.783043714336371
1.0,-1.0,4.60304495903637
1.0,-1.0,4.42304770493637
1.0,-1.0,4.24282579013637
1.0,-1.0,4.063064570936371
1.0,-1.0,3.8830525118363703
1.0,-1.0,3.7030395941363703
1.0,-1.0,3.5230453451363704
1.0,-1.0,3.34302620483637
1.0,-1.0,3.16302380183637
1.0,-1.0,2.9830488641363706
1.0,-1.0,2.8030376627363705
1.0,-1.0,2.6230380497363703
1.0,-1.0,2.443049378936371
1.0,-1.0,2.263046760836371
1.0,-1.0,2.0830130297363705
1.0,-0.8839315033444785,1.9236794230599565
1.0,-0.7639964417950033,1.7861772438304406
1.0,-0.6567493960916572,1.6680291220777699
1.0,-0.5657020779811638,1.5662062437405813
1.0,-0.4879928910672508,1.4784384970345532
1.0,-0.42083081154399776,1.4025760572418884
1.0,-0.36274766140453507,1.3372788941561058
1.0,-0.3126210402734802,1.281040164612376
1.0,-0.2694287870227324,1.2325740170222885
1.0,-0.23222543910722132,1.1907866329627712
1.0,-0.20014251556123433,1.1547289339025566
1.0,-0.17245179104024888,1.1237101395998277
1.0,-0.14855687550474292,1.096942927794304
1.0,-0.1279556395800146,1.0739103580589773
1.0,-0.11018764987401705,1.0540999600470973
1.0,-0.09487008714497625,1.037020612444024
1.0,-0.0816711067306118,1.0223076300186713
1.0,-0.07028108984357229,1.0096503802657717
1.0,-0.06044811549059244,0.9987697687668582
1.0,-0.05197027159824275,0.9894297150959157
1.0,-0.04466813668785346,0.9813766337877063
1.0,-0.03837328756257983,0.9744664678932775
1.0,-0.0329378217691452,0.9685443516721087
1.0,-0.028249361952560507,0.9634607382504241
1.0,-0.02421326008141958,0.9591051768036051
1.0,-0.02073308180276037,0.9553670017129527
1.0,-0.017729433910078102,0.9521783734810455
1.0,-0.015137506311479802,0.9494532449124515
1.0,-0.012904152594043768,0.9471326289728056
1.0,-0.010979601855680247,0.9451564061845976
1.0,-0.009320282578475995,0.9434772289853275
1.0,-0.007889189132961508,0.9420562266151035
1.0,-0.00665360177368967,0.9408585765832023
1.0,-0.005589007210340474,0.9398526138106301
1.0,-0.004672097203216437,0.9390128982890872
1.0,-0.0038824866371446956,0.9383140180372531
1.0,-0.003202004640490662,0.9377367425663098
1.0,-0.0026146788234450297,0.9372661406603546
1.0,-0.0021083580815653286,0.9368872242421328
1.0,-0.0016727010881403548,0.9365861419227522
1.0,-0.001297321937320177,0.9363524215396601
1.0,-0.0009742916064328644,0.9361772252463653
1.0,-0.0006958629737814845,0.9360518281802888
1.0,-0.00045591872454762983,0.9359698710877405
1.0,-0.00024985248845380004,0.9359248825640445
1.0,-7.246649227767715e-05,0.9359118276919811
1.0,8.04928235820998e-05,0.9358987738929148
1.0,0.00021754224999107757,0.9358857507110426
1.0,0.000351785444783842,0.9358857507110426
1.0,0.00048687905490074623,0.9358857507110426
1.0,0.0006169349058807658,0.9358857507110426
1.0,0.0007436682896847929,0.9358857507110426
1.0,0.0008725553051873447,0.9358857507110426
1.0,0.0010002899962426731,0.9358857507110426
1.0,0.0011284312891878187,0.9358857507110426
1.0,0.001256514521821711,0.9358857507110426
1.0,0.0013849220949713678,0.9358857507110426
1.0,0.0015127768592515661,0.9358857507110426
1.0,0.00164142331980998,0.9358857507110426
1.0,0.0017695026247377676,0.9358857507110426
1.0,0.0018977493385188698,0.9358857507110426
1.0,0.002025763940192951,0.9358857507110426
1.0,0.002154353829023202,0.9358857507110426
1.0,0.0022825710046611297,0.9358857507110426
1.0,0.0024108050897382743,0.9358857507110426
1.0,0.0025389223825673796,0.9358857507110426
1.0,0.0026672595655869505,0.9358857507110426
1.0,0.0027953181419692677,0.9358857507110426
1.0,0.0029236332849836497,0.9358857507110426
1.0,0.00305191614425461,0.9358857507110426
1.0,0.0031797533683499274,0.9358857507110426
1.0,0.0033084123088150605,0.9358857507110426
1.0,0.003436566261749388,0.9358857507110426
1.0,0.003567637541906206,0.9358857507110426
1.0,0.003692799622638694,0.9358857507110426
1.0,0.0038208607560972566,0.9358857507110426
1.0,0.00394952274137271,0.9358857507110426
1.0,0.004077767984028105,0.9358857507110426
1.0,0.004205976548844803,0.9358857507110426
1.0,0.004334246701809319,0.9358857507110426
1.0,0.004462082088355704,0.9358857507110426
1.0,0.004590658493290253,0.9358857507110426
1.0,0.004718775158024276,0.9358857507110426
1.0,0.004847134847820227,0.9358857507110426
1.0,0.0049752071262594705,0.9358857507110426
1.0,0.005103436554493995,0.9358857507110426
1.0,0.005231517614020818,0.9358857507110426
1.0,0.005359984460526178,0.9358857507110426
1.0,0.005488141335793929,0.9358857507110426
1.0,0.005616389739281677,0.9358857507110426
1.0,0.005744499916294818,0.9358857507110426
1.0,0.005872854390396587,0.9358857507110426
1.0,0.006000582293892054,0.9358857507110426
1.0,0.00612918490039685,0.9358857507110426
1.0,0.006257391775803055,0.9358857507110426
1.0,0.006385560406418411,0.9358857507110426
1.0,0.006514071766805907,0.9358857507110426
1.0,0.0066423122887289895,0.9358857507110426
1.0,0.006771256115756505,0.9358857507110426
1.0,0.006898649966702322,0.9358857507110426
1.0,0.007026472429739493,0.9358857507110426
1.0,0.0071550829819232095,0.9358857507110426
1.0,0.00728346970805694,0.9358857507110426
1.0,0.007410925018280987,0.9358857507110426
1.0,0.007539526770142843,0.9358857507110426
1.0,0.00766754967740442,0.9358857507110426
1.0,0.007796370090913475,0.9358857507110426
1.0,0.007924287062200955,0.9358857507110426
1.0,0.008052769902646938,0.9358857507110426
1.0,0.008180626564224677,0.9358857507110426
1.0,0.008308923034165118,0.9358857507110426
1.0,0.008437037295897079,0.9358857507110426
1.0,0.008565392560527539,0.9358857507110426
1.0,0.008693363964812663,0.9358857507110426
1.0,0.008822069269521969,0.9358857507110426
1.0,0.008949935412314897,0.9358857507110426
1.0,0.009078369819574689,0.9358857507110426
1.0,0.009206867594793902,0.9358857507110426
1.0,0.009334710548745143,0.9358857507110426
1.0,0.009463310315629844,0.9358857507110426
1.0,0.009591586674212567,0.9358857507110426
1.0,0.009719792130129287,0.9358857507110426
1.0,0.009847998671500248,0.9358857507110426
1.0,0.009977521613049031,0.9358857507110426
1.0,0.010104170180726839,0.9358857507110426
1.0,0.01023236557134756,0.9358857507110426
1.0,0.010360879745709463,0.9358857507110426
1.0,0.010489146841706591,0.9358857507110426
1.0,0.010617249650710196,0.9358857507110426
1.0,0.010745615128740574,0.9358857507110426
1.0,0.010873563119142997,0.9358857507110426
1.0,0.011002057348844227,0.9358857507110426
1.0,0.011130220627843197,0.9358857507110426
1.0,0.011258343844412357,0.9358857507110426
1.0,0.011386713445630102,0.9358857507110426
1.0,0.011514636089105218,0.9358857507110426
1.0,0.01164322537972158,0.9358857507110426
1.0,0.011770967189597713,0.9358857507110426
1.0,0.01189898862607841,0.9358857507110426
1.0,0.012027950676940145,0.9358857507110426
1.0,0.012155889925364677,0.9358857507110426
1.0,0.012283920065354711,0.9358857507110426
1.0,0.012412311975125503,0.9358857507110426
1.0,0.01254041222725285,0.9358857507110426
1.0,0.012669007080421478,0.9358857507110426
1.0,0.012796696571146765,0.9358857507110426
1.0,0.012925010680199474,0.9358857507110426
1.0,0.013053551479926817,0.9358857507110426
1.0,0.013183056146991133,0.9358857507110426
1.0,0.013310175612672268,0.9358857507110426
1.0,0.013437775946122492,0.9358857507110426
1.0,0.013566058785373529,0.9358857507110426
1.0,0.013694394091879336,0.9358857507110426
1.0,0.01382298555340418,0.9358857507110426
1.0,0.013951649567895807,0.9358857507110426
1.0,0.014079314822793721,0.9358857507110426
1.0,0.014207413533614512,0.9358857507110426
1.0,0.014335051925283112,0.9358857507110426
1.0,0.014463845378750343,0.9358857507110426
1.0,0.01459197002763183,0.9358857507110426
