0,0,0
0,0,0.0
0,0,0.0
0,0,0.0
0,0,0.0
0,0,0.0
1.0,0.030145711351470424,0.0
1.0,0.08986841397441127,0.0
1.0,0.11614260456380739,0.023269286966963374
1.0,0.10736064444944303,0.04473527772672687
1.0,0.1031160020964491,0.06533018600228949
1.0,0.10427231061927897,0.08618579668564674
1.0,0.10471766168938199,0.10712963364720099
1.0,0.104184261965767,0.12796485159765267
1.0,0.10371738028562795,0.1487093959437952
1.0,0.10337644027140247,0.16941310673006968
1.0,0.10298470872346911,0.18998191511203444
1.0,0.1025304445235673,0.21050910508982218
1.0,0.10205114765298061,0.23089890153143064
1.0,0.10154815956615826,0.2512116372641594
1.0,0.10100341932049996,0.2714051739243014
1.0,0.10043345238104515,0.2914908394771289
1.0,0.09983772893745403,0.31145684287154535
1.0,0.09919756868054262,0.3312965268306817
1.0,0.09854198700696831,0.35100572774343747
1.0,0.09786405905685186,0.37057761092275143
1.0,0.09715573170635469,0.39001316298498806
1.0,0.09642041139323554,0.4092949970289027
1.0,0.0956614271013884,0.42842995551643787
1.0,0.09488664880959563,0.44740622653312956
1.0,0.09410408898298003,0.46622419937490744
1.0,0.09325433027548827,0.48487189049307655
1.0,0.09240894507699654,0.5033564379154865
1.0,0.09154145216004517,0.5216632485799213
1.0,0.09065730291217261,0.5397967884782554
1.0,0.08974709587515595,0.5577467683033945
1.0,0.08882470972670123,0.5755125191753663
1.0,0.08788749487272521,0.593088660376003
1.0,0.08692637647587326,0.6104725098178244
1.0,0.08595231667214201,0.6276650879230522
1.0,0.0849690624670845,0.6446622470929325
1.0,0.08396339138007353,0.6614535281341513
1.0,0.08294604630651137,0.6780588388819625
1.0,0.08191600197356076,0.6944261260283833
1.0,0.08087669638322306,0.7106001579332308
1.0,0.07982337991928626,0.7265622113997642
1.0,0.07875906120868467,0.7423133326094981
1.0,0.07768424624987463,0.7578506856418099
1.0,0.0765983374546421,0.7731724386756722
1.0,0.07550399394393989,0.7882730790570809
1.0,0.07440240445880492,0.8031536345000512
1.0,0.07329318942655479,0.8178126253653624
1.0,0.07217556283086483,0.832260027842023
1.0,0.07105180986047492,0.8464731713503704
1.0,0.06992057059942637,0.8604538380365222
1.0,0.06878560703392986,0.8742005653190149
1.0,0.06764629764467754,0.8877369405619997
1.0,0.06650175232144151,0.9010492649328005
1.0,0.06535316981537874,0.9141122827028191
1.0,0.0642011207579227,0.9269607143256813
1.0,0.06304683631702067,0.939562072749468
1.0,0.06189002468042657,0.9519391510681038
1.0,0.06073271502826704,0.9640879123361736
1.0,0.0595735866949571,0.9760019365960575
1.0,0.058413614978791946,0.9876917789847959
1.0,0.057253257946585055,0.9991247153282923
1.0,0.05609367554180344,1.0103478931679433
1.0,0.054935447204037785,1.02134490015997
1.0,0.05377778005073635,1.03209581729881
1.0,0.052620547391306664,1.0426207698634815
1.0,0.05146657943892101,1.0529041735453988
1.0,0.05031607269441812,1.06296652677375
1.0,0.04916804070364101,1.0727998441838535
1.0,0.048023465867678056,1.0824057304043517
1.0,0.04688123964775059,1.091790553615852
1.0,0.0457437582756898,1.100932480165024
1.0,0.04461083142455788,1.1098528830283803
1.0,0.043483225833617314,1.118549167414779
1.0,0.04235989418932074,1.12702927825097
1.0,0.041242479826831525,1.135268149706274
1.0,0.04013186613232439,1.1433035859120675
1.0,0.03902592000304773,1.1511068085479894
1.0,0.03792827042472605,1.1586879430243742
1.0,0.03683891403588857,1.1660556309713483
1.0,0.03575251936344459,1.1732136547786924
1.0,0.03467504835439403,1.1801476740261652
1.0,0.03360601616661909,1.186869968547652
1.0,0.032545847816864384,1.193379597463121
1.0,0.03149307420303964,1.199676471838983
1.0,0.030447404160169212,1.2057685747101208
1.0,0.029412373671890167,1.2116486596009008
1.0,0.02838639713657143,1.2173262449200306
1.0,0.027369710338034633,1.2227970038903253
1.0,0.02636214791153046,1.2280726276159208
1.0,0.02536451304852265,1.23314535001076
1.0,0.024376363287421907,1.2380222046454692
1.0,0.02339900899306787,1.2426958374357557
1.0,0.022431985225523487,1.2471864873833713
1.0,0.021477595149097924,1.251482130338915
1.0,0.02053002079905175,1.2555880767272467
1.0,0.019594393650596748,1.2595015419378826
1.0,0.018669276204556048,1.2632410465204424
1.0,0.017757353519313113,1.2667928017148657
1.0,0.01685492947386346,1.270163181624359
1.0,0.01596923013461649,1.2733543099597904
1.0,0.015087334729619505,1.2763771588899337
1.0,0.014219761720854342,1.2792186438068311
1.0,0.013365309857399928,1.2818936852475276
1.0,0.01252080391638703,1.2843940136381007
1.0,0.011692251917388145,1.2867339420391433
1.0,0.010871587748468553,1.2889085737342365
1.0,0.010064285382021754,1.2909199363950974
1.0,0.00927162957973874,1.2927760599131313
1.0,0.008485935948152272,1.2944711534950744
1.0,0.007720282163611314,1.2960166791360939
1.0,0.0069604976998945516,1.297408822158302
1.0,0.006218617712770488,1.2986531079136463
1.0,0.0054846434391468794,1.299748763220839
1.0,0.00476647166402943,1.300702740765394
1.0,0.004058916982963422,1.3015145050038985
1.0,0.0033635875114281025,1.3021865626678584
1.0,0.0026852421778528826,1.3027242111100525
1.0,0.0020143963964905573,1.303126725479429
1.0,0.001359299488825027,1.3033988479489984
1.0,0.0007140562734730821,1.3035415475574244
1.0,8.538515779573166e-05,1.3035586230459029
1.0,-0.0005318955991635184,1.3034521685734843
1.0,-0.0011379566340142915,1.3032245023099611
1.0,-0.001731213413491986,1.3028785955259452
1.0,-0.0023085939748551144,1.3024169800982695
1.0,-0.002875324963764036,1.301841997917751
1.0,-0.0034309364797380955,1.3011556656750298
1.0,-0.003974176040503246,1.300360652141676
1.0,-0.004500366950083531,1.2994598789626
1.0,-0.005018073950815112,1.2984566443868821
1.0,-0.0055221337214029845,1.2973528467019866
1.0,-0.006012037435608925,1.2961497251050582
1.0,-0.0064912307668738185,1.2948514260221877
1.0,-0.006957783367748875,1.293459981821206
1.0,-0.007412028343510048,1.2919788163479105
1.0,-0.007855545509967962,1.2904068621934641
1.0,-0.008285796361795925,1.288750553963535
1.0,-0.008703878377924017,1.28700832525379
1.0,-0.00910961533815437,1.2851852419582208
1.0,-0.009500985828825765,1.2832859051162235
1.0,-0.00988378201867587,1.281309098759854
1.0,-0.010260519181487491,1.2792588756356804
1.0,-0.010612223267730442,1.2771346745530612
1.0,-0.010959736980636417,1.274942836370713
1.0,-0.011296461420321549,1.2726854073024023
1.0,-0.0116206052015481,1.2703615267505173
1.0,-0.011934708980269314,1.267972313707736
1.0,-0.012234872225257844,1.2655252365876368
1.0,-0.012525806493164874,1.2630203942336147
1.0,-0.012805112343356137,1.2604616395247292
1.0,-0.013071127642657563,1.257846802554989
1.0,-0.013332258412754736,1.255178837194479
1.0,-0.013578443613681795,1.2524626363200064
1.0,-0.01381440551445391,1.2496996820974673
1.0,-0.014041726694886446,1.2468904120967454
1.0,-0.014259287130236964,1.2440407127852866
1.0,-0.014465750434098836,1.2411464721544732
1.0,-0.014660202464037929,1.2382139031760269
1.0,-0.014847367871787613,1.2352475687806586
1.0,-0.01502209862857949,1.232239552464089
1.0,-0.015186813364003932,1.229202953065341
1.0,-0.015345801609490853,1.2261337700470023
1.0,-0.015491664977149421,1.2230354843321338
1.0,-0.01563150701581826,1.2199080492226608
1.0,-0.015758742969891652,1.2167571452500294
1.0,-0.015879438354858003,1.2135814991211946
1.0,-0.015998675986069754,1.2103844599248659
1.0,-0.016094715069968436,1.207162910629282
1.0,-0.016188057590216742,1.2039254449980137
1.0,-0.01627404674143736,1.200673381943936
1.0,-0.016350288069794307,1.197400345323841
1.0,-0.0164200487743136,1.194116377834184
1.0,-0.016480111281331724,1.1908205394629992
1.0,-0.016532024325529172,1.1875138933791263
1.0,-0.016577055783748736,1.1841986316148032
1.0,-0.01661397101020186,1.1808787717889366
1.0,-0.01664426217040485,1.1775496249012136
1.0,-0.01666815811305617,1.174215662649018
1.0,-0.016682824875010223,1.170879590084275
1.0,-0.016691520060191714,1.1675378588691887
1.0,-0.01669380593288458,1.1642026988871215
1.0,-0.0166880082999717,1.1608648298518582
1.0,-0.0166763632681573,1.1575246063528524
1.0,-0.016657762054447713,1.1541951739253662
1.0,-0.01663248476452124,1.1508715472070927
1.0,-0.016601726197921638,1.1475475082162432
1.0,-0.016564253031414112,1.1442355137996354
1.0,-0.01652034496395188,1.1409314558259152
1.0,-0.016471643622616702,1.1376402248410498
1.0,-0.016416233136824526,1.1343538697671078
1.0,-0.016356098369064643,1.1310815340185667
1.0,-0.01629056415574982,1.1278201501072964
1.0,-0.01621860445957719,1.1245833848558384
1.0,-0.016142364859671555,1.1213547879589691
1.0,-0.016060729427685775,1.118142874873705
1.0,-0.01597479115048958,1.1149479501746937
1.0,-0.01588432700587268,1.111772295889916
1.0,-0.015787856257030667,1.1086146184809644
1.0,-0.01568872087661547,1.1054759721100587
1.0,-0.015584138425276731,1.1023563087195913
1.0,-0.015476259023322026,1.0992601853694
1.0,-0.015362688576494279,1.0961886065623967
1.0,-0.0152473262129291,1.0931417979681883
1.0,-0.015127413088168853,1.0901161739697518
1.0,-0.015002770001020009,1.087116145051495
1.0,-0.014876511721058736,1.084140561808989
1.0,-0.014744756142946142,1.081191894623382
1.0,-0.014610250566541385,1.0782698229161234
1.0,-0.014472562599102717,1.075375358011034
1.0,-0.014332472666712195,1.072508527911509
1.0,-0.01418824883368315,1.0696719058280117
1.0,-0.01404228177603746,1.0668623941953288
1.0,-0.013892909041837296,1.064084099900714
1.0,-0.013740544886094164,1.061336029575648
1.0,-0.01358664412646635,1.0586203100475915
1.0,-0.013429658657120685,1.055932642250763
1.0,-0.01327045984600134,1.0532787236601207
1.0,-0.013109301199624819,-0.002621885868608809
1.0,0.019853315879302315,0.0013496634004459785
1.0,0.08346513583508658,0.018041898566789356
1.0,0.11048300814924929,0.04013803130675263
1.0,0.10024478431777223,0.060185104771299305
1.0,0.09544679806771034,0.07927492405662087
1.0,0.09699719310594514,0.09867478364562798
1.0,0.09766354632994091,0.11820742767236722
