0,0,0
0,0,0.0
0,0,0.0
0,0,0.0
0,0,0.0
0,0,0.0
0,0,0.0
0,0,0.0
0,0,0.0
0,0,0.0
0,0,0.0
0,0,0.0
0,0,0.0
0,0,0.0
0,0,0.0
0,0,0.0
0,0,0.0
0,0,0.0
0,0,0.0
1.0,0.1478920017573521,0.0
1.0,0.2,0.0
1.0,0.2,0.0
1.0,0.2,0.0399853706
1.0,0.2,0.08002786640000001
1.0,0.2,0.12000045780000002
1.0,0.2,0.1599668502
1.0,0.2,0.2000100136
1.0,0.2,0.24001255040000002
1.0,0.2,0.28000307080000003
1.0,0.2,0.3199652672
1.0,0.2,0.35993776320000004
1.0,0.2,0.40000281340000005
1.0,0.2,0.43996868140000006
1.0,0.2,0.4799489498000001
1.0,0.2,0.5199701310000001
1.0,0.2,0.5600127698000001
1.0,0.2,0.5999641896000001
1.0,0.2,0.6400074958
1.0,0.2,0.6800040246000001
1.0,0.2,0.7199639320000001
1.0,0.18246494079357306,0.7564894691671782
1.0,0.16347493314673853,0.789203834442051
1.0,0.1459868403882465,0.8183403686354158
1.0,0.13049489149861887,0.844455376014147
1.0,0.11672682695728646,0.8677987710567653
1.0,0.1043803716606873,0.8886963769719689
1.0,0.09329517998377672,0.907363402767938
1.0,0.08337212392061127,0.9240151711773849
1.0,0.0744975058847532,0.9389029887614926
1.0,0.0665626599025065,0.9522258075351432
1.0,0.05945665120090764,0.9641342363785337
1.0,0.05308446285643896,0.9747385384300057
1.0,0.047378858966151946,0.9842139735964431
1.0,0.04227853894694909,0.9926761043414698
1.0,0.037713407913345195,1.00022401183336
1.0,0.03362199587137612,1.0069436831161978
1.0,0.02995987808652855,1.0129332101126673
1.0,0.02668536043332372,1.0182722812263676
1.0,0.023754436930935933,1.0230265791795916
1.0,0.021128627496234703,1.0272459534556704
1.0,0.0187783609126714,1.0309986179081372
1.0,0.0166777653184935,1.0343368279399843
1.0,0.014796994168095344,1.0372987922468582
1.0,0.013111143498959126,1.0399208371415294
1.0,0.011601819662708714,1.0422409941672193
1.0,0.010252192136463764,1.0442900691554797
1.0,0.00904532434815409,1.0460990223153548
1.0,0.007965463423008926,1.047692001428379
1.0,0.006999219623401925,1.049091767255767
1.0,0.006133302711134957,1.0503180946921904
1.0,0.005358556142237684,1.051390619992487
1.0,0.004667195134152351,1.0523246834900264
1.0,0.004047284309736342,1.0531344927530657
1.0,0.0034929836278921426,1.0538321202734908
1.0,0.002997889828398194,1.0544321758389947
1.0,0.002554728593499884,1.0549426136929787
1.0,0.0021586000780697175,1.0553747115650605
1.0,0.0018046719010159328,1.0557357819958688
1.0,0.001488702772337664,1.0560332486126505
1.0,0.0012053868426439192,1.0562744585231056
1.0,0.0009524396317217229,1.056464951490713
1.0,0.000726888950675797,1.0566102128557717
1.0,0.0005254555763743,1.056715473873429
1.0,0.0003451624772840764,1.0568203967646266
1.0,0.00017994894463290237,1.0569255757255647
1.0,1.5430325134780515e-05,1.0569255757255647
1.0,-0.0001358472845742753,1.0569255757255647
1.0,-0.00025621882167514015,1.0569255757255647
1.0,-0.00036346379935238426,1.0569255757255647
1.0,-0.0004764293011896882,1.0569255757255647
1.0,-0.0005915175631351112,1.0569255757255647
1.0,-0.0007055706582687199,1.0569255757255647
1.0,-0.0008187346803027566,1.0569255757255647
1.0,-0.0009324793776803939,1.0569255757255647
1.0,-0.0010463157823509574,1.0569255757255647
1.0,-0.001161208705995606,1.0569255757255647
1.0,-0.0012740278215013397,1.0569255757255647
1.0,-0.0013880691719546784,1.0569255757255647
1.0,-0.0015016990150218748,1.0569255757255647
1.0,-0.0016161778030556184,1.0569255757255647
1.0,-0.0017300007627800984,1.0569255757255647
1.0,-0.0018432505522090331,1.0569255757255647
1.0,-0.001957622442451498,1.0569255757255647
1.0,-0.002071318242866837,1.0569255757255647
1.0,-0.0021850462213468917,1.0569255757255647
1.0,-0.0022992284704219344,1.0569255757255647
1.0,-0.002412942696765223,1.0569255757255647
1.0,-0.002526576538397468,1.0569255757255647
1.0,-0.002640404135611396,1.0569255757255647
1.0,-0.0027546800446202196,1.0569255757255647
1.0,-0.0028681285694681542,1.0569255757255647
1.0,-0.0029824648537729453,1.0569255757255647
1.0,-0.003096113606904663,1.0569255757255647
1.0,-0.0032095666595877946,1.0569255757255647
1.0,-0.0033234788961671834,1.0569255757255647
1.0,-0.003437735570050008,1.0569255757255647
1.0,-0.0035516378640074973,1.0569255757255647
1.0,-0.003665076250955298,1.0569255757255647
1.0,-0.003779095669854248,1.0569255757255647
1.0,-0.00389260079008524,1.0569255757255647
1.0,-0.004007699804235567,1.0569255757255647
1.0,-0.004120681273495783,1.0569255757255647
1.0,-0.004234711366509415,1.0569255757255647
1.0,-0.004348781616531933,1.0569255757255647
1.0,-0.004462449040687409,1.0569255757255647
1.0,-0.004575948733064751,1.0569255757255647
1.0,-0.004690458043791028,1.0569255757255647
1.0,-0.00480350452888979,1.0569255757255647
1.0,-0.004917959503015525,1.0569255757255647
1.0,-0.005030899127423535,1.0569255757255647
1.0,-0.005145446716045443,1.0569255757255647
1.0,-0.005258636968393467,1.0569255757255647
1.0,-0.005373096063930882,1.0569255757255647
1.0,-0.005487082143227875,1.0569255757255647
0,0,1.0569255757255647
0,0,1.0569255757255647
0,0,1.055582508089572
0,0,1.0542368429464608
0,0,1.0528922893930444
0,0,1.0515498420932423
0,0,1.0502060276275638
0,0,1.0488648968824688
0,0,1.0475254800385376
0,0,1.0461880802240286
0,0,1.0448532210449013
0,0,1.0435211607366215
0,0,1.0421915954940364
0,0,1.0408648773300875
0,0,1.0395413032994298
0,0,1.038221653777444
0,0,1.036904292964569
0,0,1.0355892095554837
0,0,1.0342776972079843
0,0,1.032972482281843
0,0,1.0316662031937573
0,0,1.0304739762751285
0,0,1.0294074039211287
0,0,1.028459753352187
0,0,1.0276135732405165
0,0,1.026859953105471
0,0,1.0261886726555598
0,0,1.0255909442008382
0,0,1.025058874492801
0,0,1.0245848546687781
0,0,1.0241629345319712
0,0,1.023788041026343
0,0,1.0234550231255235
0,0,1.0231586647044177
0,0,1.0228959062505971
0,0,1.0226623912151447
0,0,1.022455336205244
0,0,1.0222721231333884
0,0,1.0221098465019092
0,0,1.0219663491347928
0,0,1.0218395774773397
0,0,1.0217279025968269
0,0,1.0216293843126025
0,0,1.0215427887153403
0,0,1.0214668597785708
0,0,1.0214003563615117
0,0,1.0213423523041483
0,0,1.0212918401092053
0,0,1.0212480191172082
0,0,1.0212101428864713
0,0,1.0211776996077524
0,0,1.0211499594888689
0,0,1.0211264268359976
0,0,1.0211067024558527
0,0,1.0210903113338377
0,0,1.0210769119029701
0,0,1.0210661821779559
0,0,1.021057807699099
0,0,1.021051544265284
0,0,1.0210471522031224
0,0,1.0210444066077247
0,0,1.021043144109608
0,0,1.0210431823241515
0,0,1.021043220395622
0,0,1.0210432583513565
0,0,1.0210432583513565
0,0,1.0210432583513565
0,0,1.0210432583513565
0,0,1.0210432583513565
0,0,1.0210432583513565
0,0,1.0210432583513565
0,0,1.0210432583513565
0,0,1.0210432583513565
0,0,1.0210432583513565
0,0,1.0210432583513565
0,0,1.0210432583513565
0,0,1.0210432583513565
0,0,1.0210432583513565
0,0,1.0210432583513565
0,0,1.0210432583513565
0,0,1.0210432583513565
0,0,1.0210432583513565
0,0,1.0210432583513565
0,0,1.0210432583513565
0,0,1.0210432583513565
0,0,1.0210432583513565
0,0,1.0210432583513565
0,0,1.0210432583513565
0,0,1.0210432583513565
0,0,1.0210432583513565
0,0,1.0210432583513565
0,0,1.0210432583513565
0,0,1.0210432583513565
0,0,1.0210432583513565
0,0,1.0210432583513565
0,0,1.0210432583513565
0,0,1.0210432583513565
0,0,1.0210432583513565
0,0,1.0210432583513565
0,0,1.0210432583513565
0,0,1.0210432583513565
0,0,1.0210432583513565
0,0,1.0210432583513565
0,0,1.0210432583513565
0,0,1.0210432583513565
0,0,1.0210432583513565
0,0,1.0210432583513565
0,0,1.0210432583513565
0,0,1.0210432583513565
0,0,1.0210432583513565
0,0,1.0210432583513565
0,0,1.0210432583513565
0,0,1.0210432583513565
0,0,1.0210432583513565
0,0,1.0210432583513565
0,0,1.0210432583513565
0,0,1.0210432583513565
0,0,1.0210432583513565
0,0,1.0210432583513565
0,0,1.0210432583513565
0,0,1.0210432583513565
0,0,1.0210432583513565
0,0,1.0210432583513565
0,0,1.0210432583513565
0,0,1.0210432583513565
0,0,1.0210432583513565
0,0,1.0210432583513565
0,0,1.0210432583513565
0,0,1.0210432583513565
0,0,1.0210432583513565
0,0,1.0210432583513565
0,0,1.0210432583513565
0,0,1.0210432583513565
0,0,1.0210432583513565
0,0,1.0210432583513565
0,0,1.0210432583513565
0,0,1.0210432583513565
0,0,1.0210432583513565
0,0,1.0210432583513565
0,0,1.0210432583513565
0,0,1.0210432583513565
0,0,1.0210432583513565
0,0,1.0210432583513565
0,0,1.0210432583513565
0,0,1.0210432583513565
0,0,1.0210432583513565
0,0,1.0210432583513565
0,0,1.0210432583513565
0,0,1.0210432583513565
0,0,1.0210432583513565
0,0,1.0210432583513565
0,0,1.0210432583513565
0,0,1.0210432583513565
0,0,1.0210432583513565
0,0,1.0210432583513565
0,0,1.0210432583513565
0,0,1.0210432583513565
0,0,1.0210432583513565
0,0,1.0210432583513565
0,0,1.0210432583513565
0,0,1.0210432583513565
0,0,1.0210432583513565
0,0,1.0210432583513565
0,0,1.0210432583513565
0,0,1.0210432583513565
0.0,-0.016159655999493913,1.0210432583513565
0.0,0.15153177848651866,1.0210432583513565
0.0,0.2,0.9811233591056557
0.0,0.2,0.9412252838871074
0.0,0.2,0.9012779450115119
0.0,0.2,0.8614017178043591
0.0,0.2,0.8214561766291574
0.0,0.2,0.7815732277434871
0.0,0.2,0.7416692099134203
0.0,0.2,0.7016773988773484
0.0,0.2,0.661845425466553
0.0,0.2,0.6218960368103928
0.0,0.2,0.5819870416889777
0.0,0.2,0.5420699006985791
0.0,0.2,0.5021588806406408
0.0,0.2,0.4622493133736526
0.0,0.2,0.4223516153567751
0.0,0.2,0.38245436345919914
0.0,0.2,0.3425534631195002
0.0,0.2,0.30258043932880857
0.0,0.2,0.2626890811547762
0.0,0.1998738672398032,0.22281105184444602
0.0,0.1803649562245806,0.18681125340755655
0.0,0.16137135366285096,0.15460339858643807
0.0,0.14400314634668984,0.1258733869030244
0.0,0.12866417760384397,0.10015840849134611
0.0,0.11499985282176282,0.07718893565769744
0.0,0.10272697419330401,0.05671811307505226
0.0,0.09172822138083045,0.03840940360401185
0.0,0.08189659289918998,0.02204728426931231
0.0,0.0730907883341996,0.007471075991217407
0.0,0.06519766299148884,-0.005559776996510999
0.0,0.05813128947262999,-0.017159366288144837
0.0,0.05180387792066388,-0.027500572616433544
0.0,0.046139279084705095,-0.0366941501132411
0.0,0.04107197805344783,-0.04491374777784085
0.0,0.0365334553404636,-0.05219297202733714
0.0,0.03246589458187315,-0.058680695451370675
0.0,0.0288259699993479,-0.0644294679635316
0.0,0.02556913467597578,-0.06953374344820513
0.0,0.022653422654648987,-0.07405605255929694
0.0,0.020042802849342574,-0.07806077094064846
0.0,0.017703933150520344,-0.08159186937687657
0.0,0.015611192797829458,-0.08471086633100096
0.0,0.013738911164656649,-0.08745376828889014
0.0,0.012063661553112462,-0.08986016796313438
0.0,0.010561611178275018,-0.09196880554435378
0.0,0.009221595572364252,-0.09381031300861255
0.0,0.00802088481591974,-0.09541113329538303
0.0,0.006946720373186714,-0.0967994974032858
0.0,0.005985050883205875,-0.09799306455820747
0.0,0.005124563592379297,-0.09901621177472021
0.0,0.004355584194230398,-0.09988665477749807
0.0,0.0036671735227390423,-0.10061823515916433
0.0,0.0030514253324524163,-0.10122802047540307
0.0,0.0025021489557008753,-0.10172759523502009
0.0,0.0020110696480956022,-0.10212904550968457
0.0,0.001572118035932539,-0.10244270797239287
0.0,0.0011806373715036525,-0.10267880457082361
0.0,0.0008289198091953193,-0.1028440604215606
0.0,0.0005168274056893893,-0.10294734329081658
0.0,0.00023763627894357597,-0.1029947496448173
0.0,-1.0984204449004942e-05,-0.10299255366257036
0.0,-0.00023371226572353743,-0.10294590235462332
0.0,-0.0004313864501137993,-0.10289923597442255
0.0,-0.0006135965105218688,-0.10285261110041778
0.0,-0.0007936105149064648,-0.10285261110041778
0.0,-0.0009828784140398159,-0.10285261110041778
0.0,-0.0011863397702953776,-0.10285261110041778
0.0,-0.0013944068834369147,-0.10285261110041778
0.0,-0.001600786215863785,-0.10285261110041778
0.0,-0.0018059840602827337,-0.10285261110041778
0.0,-0.0020117551678737328,-0.10285261110041778
0.0,-0.002217344003593233,-0.10285261110041778
0.0,-0.0024229874049913128,-0.10285261110041778
0.0,-0.0026287448207885297,-0.10285261110041778
0.0,-0.002834843461763617,-0.10285261110041778
0.0,-0.00304039281899067,-0.10285261110041778
0.0,-0.0032460314023755946,-0.10285261110041778
0.0,-0.0034513871788709044,-0.10285261110041778
0.0,-0.0036574917294768736,-0.10285261110041778
0.0,-0.003862763990708215,-0.10285261110041778
0.0,-0.0040686393405055185,-0.10285261110041778
0.0,-0.004273676958703017,-0.10285261110041778
0.0,-0.004479970670902604,-0.10285261110041778
0.0,-0.004685566161779238,-0.10285261110041778
0.0,-0.004891469958737335,-0.10285261110041778
0.0,-0.005097629520668903,-0.10285261110041778
0.0,-0.005302896480641528,-0.10285261110041778
0.0,-0.005507950873181032,-0.10285261110041778
0.0,-0.005714373339102942,-0.10285261110041778
0.0,-0.005919631628642327,-0.10285261110041778
0.0,-0.0061248959978087505,-0.10285261110041778
0.0,-0.006330643754708751,-0.10285261110041778
0.0,-0.0065372101659367035,-0.10285261110041778
0.0,-0.006742696765655587,-0.10285261110041778
0.0,-0.006948306010942332,-0.10285261110041778
0.0,-0.007154006876306615,-0.10285261110041778
0.0,-0.007359996152734687,-0.10285261110041778
0.0,-0.0075673003946530384,-0.10285261110041778
0.0,-0.007771324089800254,-0.10285261110041778
0.0,-0.007976586894580015,-0.10285261110041778
0.0,-0.00818287235875785,-0.10285261110041778
0.0,-0.00838836428932789,-0.10285261110041778
0.0,-0.0085940913563948,-0.10285261110041778
0.0,-0.0088002215141584,-0.10285261110041778
0.0,-0.009005090434578693,-0.10285261110041778
0.0,-0.009211271092974344,-0.10285261110041778
0.0,-0.009417193534747195,-0.10285261110041778
0.0,-0.009622203001203505,-0.10285261110041778
0.0,-0.009828323663614053,-0.10285261110041778
0.0,-0.010034167527020549,-0.10285261110041778
0.0,-0.01023981142540907,-0.10285261110041778
0.0,-0.01044518144272212,-0.10285261110041778
0,0,-0.10285261110041778
0,0,-0.10285261110041778
0,0,-0.09955423462288195
0,0,-0.09626748623378528
0,0,-0.0929863138207722
0,0,-0.08970403382154891
0,0,-0.08643327655958459
0,0,-0.08317016639004288
0,0,-0.07991255631526659
0,0,-0.07665858516764629
0,0,-0.07341836156203335
0,0,-0.07017874821212433
0,0,-0.06695311254072528
0,0,-0.06373683595406951
0,0,-0.06052373118197222
0,0,-0.05732173317366518
0,0,-0.05412811396335843
0,0,-0.050943045921614236
0,0,-0.04776703139063149
0,0,-0.04459940103867336
0,0,-0.04144111193523614
0,0,-0.038291116185854866
0,0,-0.03524983140852691
0,0,-0.0325250672806001
0,0,-0.030097448090333528
0,0,-0.0279317893421312
0,0,-0.026008438034860457
0,0,-0.02429324080519254
0,0,-0.022766141699471033
0,0,-0.021407926243076712
0,0,-0.02019797919384873
0,0,-0.01912297148435149
0,0,-0.01816774204142775
0,0,-0.01731933387785272
0,0,-0.0165670912942284
0,0,-0.015898632919403792
0,0,-0.015307346892803437
0,0,-0.014782954267406735
0,0,-0.014319948310671696
0,0,-0.013910537753888463
0,0,-0.01354969482809408
0,0,-0.013231381787393443
0,0,-0.012952011589451994
0,0,-0.01270684508392382
0,0,-0.012492260649555591
0,0,-0.012305117582288761
0,0,-0.012142199872759316
0,0,-0.012000854921068876
0,0,-0.011878856524024572
0,0,-0.011774204150115465
0,0,-0.011685022626702651
0,0,-0.011609469664841759
0,0,-0.011546117861412962
0,0,-0.011493603046026937
0,0,-0.011450795293697354
0,0,-0.011416646048697656
0,0,-0.011390178876250939
0,0,-0.011370499384454068
0,0,-0.011356903017355442
0,0,-0.011348673393838502
0,0,-0.011345225926243194
0,0,-0.011346022396039372
0,0,-0.011350584029174469
0,0,-0.011358473670122538
0,0,-0.011366338916422442
0,0,-0.011374182791292351
0,0,-0.011374182791292351
0,0,-0.011374182791292351
0,0,-0.011374182791292351
0,0,-0.011374182791292351
0,0,-0.011374182791292351
0,0,-0.011374182791292351
0,0,-0.011374182791292351
0,0,-0.011374182791292351
0,0,-0.011374182791292351
0,0,-0.011374182791292351
0,0,-0.011374182791292351
0,0,-0.011374182791292351
0,0,-0.011374182791292351
0,0,-0.011374182791292351
0,0,-0.011374182791292351
0,0,-0.011374182791292351
0,0,-0.011374182791292351
0,0,-0.011374182791292351
0,0,-0.011374182791292351
0,0,-0.011374182791292351
0,0,-0.011374182791292351
0,0,-0.011374182791292351
0,0,-0.011374182791292351
0,0,-0.011374182791292351
0,0,-0.011374182791292351
0,0,-0.011374182791292351
0,0,-0.011374182791292351
0,0,-0.011374182791292351
0,0,-0.011374182791292351
0,0,-0.011374182791292351
0,0,-0.011374182791292351
0,0,-0.011374182791292351
0,0,-0.011374182791292351
0,0,-0.011374182791292351
0,0,-0.011374182791292351
0,0,-0.011374182791292351
0,0,-0.011374182791292351
0,0,-0.011374182791292351
0,0,-0.011374182791292351
0,0,-0.011374182791292351
0,0,-0.011374182791292351
0,0,-0.011374182791292351
0,0,-0.011374182791292351
0,0,-0.011374182791292351
0,0,-0.011374182791292351
0,0,-0.011374182791292351
0,0,-0.011374182791292351
0,0,-0.011374182791292351
0,0,-0.011374182791292351
0,0,-0.011374182791292351
0,0,-0.011374182791292351
0,0,-0.011374182791292351
0,0,-0.011374182791292351
0,0,-0.011374182791292351
0,0,-0.011374182791292351
0,0,-0.011374182791292351
0,0,-0.011374182791292351
0,0,-0.011374182791292351
0,0,-0.011374182791292351
0,0,-0.011374182791292351
0,0,-0.011374182791292351
0,0,-0.011374182791292351
0,0,-0.011374182791292351
0,0,-0.011374182791292351
0,0,-0.011374182791292351
0,0,-0.011374182791292351
0,0,-0.011374182791292351
0,0,-0.011374182791292351
0,0,-0.011374182791292351
0,0,-0.011374182791292351
0,0,-0.011374182791292351
0,0,-0.011374182791292351
0,0,-0.011374182791292351
0,0,-0.011374182791292351
0,0,-0.011374182791292351
0,0,-0.011374182791292351
0,0,-0.011374182791292351
0,0,-0.011374182791292351
0,0,-0.011374182791292351
0,0,-0.011374182791292351
0,0,-0.011374182791292351
0,0,-0.011374182791292351
0,0,-0.011374182791292351
0,0,-0.011374182791292351
0,0,-0.011374182791292351
0,0,-0.011374182791292351
0,0,-0.011374182791292351
0,0,-0.011374182791292351
0,0,-0.011374182791292351
0,0,-0.011374182791292351
0,0,-0.011374182791292351
0,0,-0.011374182791292351
0,0,-0.011374182791292351
0,0,-0.011374182791292351
0,0,-0.011374182791292351
0,0,-0.011374182791292351
0,0,-0.011374182791292351
0,0,-0.011374182791292351
0,0,-0.011374182791292351
0,0,-0.011374182791292351
0,0,-0.011374182791292351
0,0,-0.011374182791292351
0,0,-0.011374182791292351
0,0,-0.011374182791292351
0,0,-0.011374182791292351
0,0,-0.011374182791292351
0,0,-0.011374182791292351
0,0,-0.011374182791292351
0,0,-0.011374182791292351
0,0,-0.011374182791292351
0,0,-0.011374182791292351
0,0,-0.011374182791292351
0,0,-0.011374182791292351
0,0,-0.011374182791292351
0,0,-0.011374182791292351
0,0,-0.011374182791292351
0,0,-0.011374182791292351
0,0,-0.011374182791292351
0,0,-0.011374182791292351
0,0,-0.011374182791292351
0,0,-0.011374182791292351
0,0,-0.011374182791292351
0,0,-0.011374182791292351
0,0,-0.011374182791292351
0,0,-0.011374182791292351
0,0,-0.011374182791292351
0,0,-0.011374182791292351
0,0,-0.011374182791292351
0,0,-0.011374182791292351
0,0,-0.011374182791292351
0,0,-0.011374182791292351
0,0,-0.011374182791292351
0,0,-0.011374182791292351
0,0,-0.011374182791292351
0,0,-0.011374182791292351
0,0,-0.011374182791292351
0,0,-0.011374182791292351
0,0,-0.011374182791292351
0,0,-0.011374182791292351
0,0,-0.011374182791292351
0,0,-0.011374182791292351
0,0,-0.011374182791292351
0,0,-0.011374182791292351
0,0,-0.011374182791292351
0,0,-0.011374182791292351
0,0,-0.011374182791292351
0,0,-0.011374182791292351
0,0,-0.011374182791292351
0,0,-0.011374182791292351
0,0,-0.011374182791292351
0,0,-0.011374182791292351
0,0,-0.011374182791292351
0,0,-0.011374182791292351
0,0,-0.011374182791292351
0,0,-0.011374182791292351
0,0,-0.011374182791292351
0,0,-0.011374182791292351
0,0,-0.011374182791292351
0,0,-0.011374182791292351
0,0,-0.011374182791292351
0,0,-0.011374182791292351
0,0,-0.011374182791292351
0,0,-0.011374182791292351
0,0,-0.011374182791292351
0,0,-0.011374182791292351
0,0,-0.011374182791292351
0,0,-0.011374182791292351
0,0,-0.011374182791292351
0,0,-0.011374182791292351
0,0,-0.011374182791292351
0,0,-0.011374182791292351
0,0,-0.011374182791292351
0,0,-0.011374182791292351
0,0,-0.011374182791292351
0,0,-0.011374182791292351
0,0,-0.011374182791292351
0,0,-0.011374182791292351
0,0,-0.011374182791292351
0,0,-0.011374182791292351
0,0,-0.011374182791292351
0,0,-0.011374182791292351
0,0,-0.011374182791292351
0,0,-0.011374182791292351
0,0,-0.011374182791292351
0,0,-0.011374182791292351
0,0,-0.011374182791292351
0,0,-0.011374182791292351
0,0,-0.011374182791292351
0,0,-0.011374182791292351
0,0,-0.011374182791292351
0,0,-0.011374182791292351
0,0,-0.011374182791292351
0,0,-0.011374182791292351
0,0,-0.011374182791292351
0,0,-0.011374182791292351
0,0,-0.011374182791292351
0,0,-0.011374182791292351
0,0,-0.011374182791292351
0,0,-0.011374182791292351
0,0,-0.011374182791292351
0,0,-0.011374182791292351
0,0,-0.011374182791292351
0,0,-0.011374182791292351
0,0,-0.011374182791292351
0,0,-0.011374182791292351
0,0,-0.011374182791292351
0,0,-0.011374182791292351
0,0,-0.011374182791292351
0,0,-0.011374182791292351
0,0,-0.011374182791292351
0,0,-0.011374182791292351
0,0,-0.011374182791292351
0,0,-0.011374182791292351
0,0,-0.011374182791292351
0,0,-0.011374182791292351
0,0,-0.011374182791292351
0,0,-0.011374182791292351
0,0,-0.011374182791292351
0,0,-0.011374182791292351
0,0,-0.011374182791292351
0,0,-0.011374182791292351
0,0,-0.011374182791292351
0,0,-0.011374182791292351
0,0,-0.011374182791292351
0,0,-0.011374182791292351
0,0,-0.011374182791292351
0,0,-0.011374182791292351
0,0,-0.011374182791292351
0,0,-0.011374182791292351
0,0,-0.011374182791292351
0,0,-0.011374182791292351
0,0,-0.011374182791292351
0,0,-0.011374182791292351
0,0,-0.011374182791292351
0,0,-0.011374182791292351
0,0,-0.011374182791292351
0,0,-0.011374182791292351
0,0,-0.011374182791292351
0,0,-0.011374182791292351
0,0,-0.011374182791292351
0,0,-0.011374182791292351
0,0,-0.011374182791292351
0,0,-0.011374182791292351
0,0,-0.011374182791292351
0,0,-0.011374182791292351
0,0,-0.011374182791292351
0,0,-0.011374182791292351
0,0,-0.011374182791292351
0,0,-0.011374182791292351
0,0,-0.011374182791292351
0,0,-0.011374182791292351
0,0,-0.011374182791292351
0,0,-0.011374182791292351
0,0,-0.011374182791292351
0,0,-0.011374182791292351
0,0,-0.011374182791292351
0,0,-0.011374182791292351
0,0,-0.011374182791292351
0,0,-0.011374182791292351
0,0,-0.011374182791292351
0,0,-0.011374182791292351
0,0,-0.011374182791292351
0,0,-0.011374182791292351
0,0,-0.011374182791292351
0,0,-0.011374182791292351
0,0,-0.011374182791292351
0,0,-0.011374182791292351
0,0,-0.011374182791292351
0,0,-0.011374182791292351
0,0,-0.011374182791292351
0,0,-0.011374182791292351
0,0,-0.011374182791292351
0,0,-0.011374182791292351
0,0,-0.011374182791292351
0,0,-0.011374182791292351
0,0,-0.011374182791292351
0,0,-0.011374182791292351
0,0,-0.011374182791292351
0,0,-0.011374182791292351
0,0,-0.011374182791292351
0,0,-0.011374182791292351
0,0,-0.011374182791292351
0,0,-0.011374182791292351
0,0,-0.011374182791292351
0,0,-0.011374182791292351
0,0,-0.011374182791292351
0,0,-0.011374182791292351
0,0,-0.011374182791292351
0,0,-0.011374182791292351
0,0,-0.011374182791292351
0,0,-0.011374182791292351
0,0,-0.011374182791292351
0,0,-0.011374182791292351
0,0,-0.011374182791292351
0,0,-0.011374182791292351
0,0,-0.011374182791292351
0,0,-0.011374182791292351
0,0,-0.011374182791292351
0,0,-0.011374182791292351
0,0,-0.011374182791292351
0,0,-0.011374182791292351
0,0,-0.011374182791292351
0,0,-0.011374182791292351
0,0,-0.011374182791292351
0,0,-0.011374182791292351
0,0,-0.011374182791292351
0,0,-0.011374182791292351
0,0,-0.011374182791292351
0,0,-0.011374182791292351
0,0,-0.011374182791292351
0,0,-0.011374182791292351
0,0,-0.011374182791292351
0,0,-0.011374182791292351
0,0,-0.011374182791292351
0,0,-0.011374182791292351
0,0,-0.011374182791292351
0,0,-0.011374182791292351
0,0,-0.011374182791292351
0,0,-0.011374182791292351
0,0,-0.011374182791292351
0,0,-0.011374182791292351
0,0,-0.011374182791292351
0,0,-0.011374182791292351
0,0,-0.011374182791292351
0,0,-0.011374182791292351
0,0,-0.011374182791292351
0,0,-0.011374182791292351
0,0,-0.011374182791292351
0,0,-0.011374182791292351
0,0,-0.011374182791292351
0,0,-0.011374182791292351
0,0,-0.011374182791292351
0,0,-0.011374182791292351
0,0,-0.011374182791292351
0,0,-0.011374182791292351
0,0,-0.011374182791292351
0,0,-0.011374182791292351
0,0,-0.011374182791292351
0,0,-0.011374182791292351
0,0,-0.011374182791292351
0,0,-0.011374182791292351
0,0,-0.011374182791292351
0,0,-0.011374182791292351
0,0,-0.011374182791292351
0,0,-0.011374182791292351
0,0,-0.011374182791292351
0,0,-0.011374182791292351
0,0,-0.011374182791292351
0,0,-0.011374182791292351
0,0,-0.011374182791292351
0,0,-0.011374182791292351
0,0,-0.011374182791292351
0,0,-0.011374182791292351
0,0,-0.011374182791292351
0,0,-0.011374182791292351
0,0,-0.011374182791292351
0,0,-0.011374182791292351
0,0,-0.011374182791292351
0,0,-0.011374182791292351
0,0,-0.011374182791292351
0,0,-0.011374182791292351
0,0,-0.011374182791292351
0,0,-0.011374182791292351
0,0,-0.011374182791292351
0,0,-0.011374182791292351
0,0,-0.011374182791292351
0,0,-0.011374182791292351
0,0,-0.011374182791292351
0,0,-0.011374182791292351
0,0,-0.011374182791292351
0,0,-0.011374182791292351
0,0,-0.011374182791292351
0,0,-0.011374182791292351
0,0,-0.011374182791292351
0,0,-0.011374182791292351
0,0,-0.011374182791292351
0,0,-0.011374182791292351
0,0,-0.011374182791292351
0,0,-0.011374182791292351
0,0,-0.011374182791292351
0,0,-0.011374182791292351
0,0,-0.011374182791292351
0,0,-0.011374182791292351
0,0,-0.011374182791292351
0,0,-0.011374182791292351
0,0,-0.011374182791292351
0,0,-0.011374182791292351
0,0,-0.011374182791292351
0,0,-0.011374182791292351
0,0,-0.011374182791292351
0,0,-0.011374182791292351
0,0,-0.011374182791292351
0,0,-0.011374182791292351
0,0,-0.011374182791292351
0,0,-0.011374182791292351
0,0,-0.011374182791292351
0,0,-0.011374182791292351
0,0,-0.011374182791292351
0,0,-0.011374182791292351
0,0,-0.011374182791292351
0,0,-0.011374182791292351
0,0,-0.011374182791292351
0,0,-0.011374182791292351
0,0,-0.011374182791292351
0,0,-0.011374182791292351
0,0,-0.011374182791292351
0,0,-0.011374182791292351
0,0,-0.011374182791292351
0,0,-0.011374182791292351
0,0,-0.011374182791292351
0,0,-0.011374182791292351
0,0,-0.011374182791292351
0,0,-0.011374182791292351
0,0,-0.011374182791292351
0,0,-0.011374182791292351
0,0,-0.011374182791292351
0,0,-0.011374182791292351
0,0,-0.011374182791292351
0,0,-0.011374182791292351
0,0,-0.011374182791292351
0,0,-0.011374182791292351
0,0,-0.011374182791292351
0,0,-0.011374182791292351
0,0,-0.011374182791292351
0,0,-0.011374182791292351
0,0,-0.011374182791292351
0,0,-0.011374182791292351
0,0,-0.011374182791292351
0,0,-0.011374182791292351
0,0,-0.011374182791292351
0,0,-0.011374182791292351
0,0,-0.011374182791292351
0,0,-0.011374182791292351
0,0,-0.011374182791292351
0,0,-0.011374182791292351
0,0,-0.011374182791292351
0,0,-0.011374182791292351
0,0,-0.011374182791292351
0,0,-0.011374182791292351
0,0,-0.011374182791292351
0,0,-0.011374182791292351
0,0,-0.011374182791292351
0,0,-0.011374182791292351
0,0,-0.011374182791292351
0,0,-0.011374182791292351
0,0,-0.011374182791292351
0,0,-0.011374182791292351
0,0,-0.011374182791292351
0,0,-0.011374182791292351
0,0,-0.011374182791292351
0,0,-0.011374182791292351
0,0,-0.011374182791292351
0,0,-0.011374182791292351
0,0,-0.011374182791292351
0,0,-0.011374182791292351
0,0,-0.011374182791292351
0,0,-0.011374182791292351
0,0,-0.011374182791292351
0,0,-0.011374182791292351
0,0,-0.011374182791292351
0,0,-0.011374182791292351
0,0,-0.011374182791292351
0,0,-0.011374182791292351
0,0,-0.011374182791292351
0,0,-0.011374182791292351
0,0,-0.011374182791292351
0,0,-0.011374182791292351
0,0,-0.011374182791292351
0,0,-0.011374182791292351
0,0,-0.011374182791292351
0,0,-0.011374182791292351
0,0,-0.011374182791292351
0,0,-0.011374182791292351
0,0,-0.011374182791292351
0,0,-0.011374182791292351
0,0,-0.011374182791292351
0,0,-0.011374182791292351
0,0,-0.011374182791292351
0,0,-0.011374182791292351
0,0,-0.011374182791292351
0,0,-0.011374182791292351
0,0,-0.011374182791292351
0,0,-0.011374182791292351
0,0,-0.011374182791292351
0,0,-0.011374182791292351
0,0,-0.011374182791292351
0,0,-0.011374182791292351
0,0,-0.011374182791292351
0,0,-0.011374182791292351
0,0,-0.011374182791292351
0,0,-0.011374182791292351
0,0,-0.011374182791292351
0,0,-0.011374182791292351
0,0,-0.011374182791292351
0,0,-0.011374182791292351
0,0,-0.011374182791292351
0,0,-0.011374182791292351
0,0,-0.011374182791292351
0,0,-0.011374182791292351
0,0,-0.011374182791292351
0,0,-0.011374182791292351
0,0,-0.011374182791292351
0,0,-0.011374182791292351
0,0,-0.011374182791292351
0,0,-0.011374182791292351
0,0,-0.011374182791292351
0,0,-0.011374182791292351
0,0,-0.011374182791292351
0,0,-0.011374182791292351
0,0,-0.011374182791292351
0,0,-0.011374182791292351
0,0,-0.011374182791292351
0,0,-0.011374182791292351
0,0,-0.011374182791292351
0,0,-0.011374182791292351
0,0,-0.011374182791292351
0,0,-0.011374182791292351
0,0,-0.011374182791292351
0,0,-0.011374182791292351
0,0,-0.011374182791292351
0,0,-0.011374182791292351
0,0,-0.011374182791292351
0,0,-0.011374182791292351
0,0,-0.011374182791292351
0,0,-0.011374182791292351
0,0,-0.011374182791292351
0,0,-0.011374182791292351
0,0,-0.011374182791292351
0,0,-0.011374182791292351
0,0,-0.011374182791292351
0,0,-0.011374182791292351
0,0,-0.011374182791292351
0,0,-0.011374182791292351
0,0,-0.011374182791292351
0,0,-0.011374182791292351
0,0,-0.011374182791292351
0,0,-0.011374182791292351
0,0,-0.011374182791292351
0,0,-0.011374182791292351
0,0,-0.011374182791292351
0,0,-0.011374182791292351
0,0,-0.011374182791292351
0,0,-0.011374182791292351
0,0,-0.011374182791292351
0,0,-0.011374182791292351
0,0,-0.011374182791292351
0,0,-0.011374182791292351
0,0,-0.011374182791292351
0,0,-0.011374182791292351
0,0,-0.011374182791292351
0,0,-0.011374182791292351
0,0,-0.011374182791292351
0,0,-0.011374182791292351
0,0,-0.011374182791292351
0,0,-0.011374182791292351
0,0,-0.011374182791292351
0,0,-0.011374182791292351
0,0,-0.011374182791292351
0,0,-0.011374182791292351
0,0,-0.011374182791292351
0,0,-0.011374182791292351
0,0,-0.011374182791292351
0,0,-0.011374182791292351
0,0,-0.011374182791292351
0,0,-0.011374182791292351
0,0,-0.011374182791292351
0,0,-0.011374182791292351
0,0,-0.011374182791292351
0,0,-0.011374182791292351
0,0,-0.011374182791292351
0,0,-0.011374182791292351
0,0,-0.011374182791292351
0,0,-0.011374182791292351
0,0,-0.011374182791292351
0,0,-0.011374182791292351
0,0,-0.011374182791292351
0,0,-0.011374182791292351
0,0,-0.011374182791292351
0,0,-0.011374182791292351
0,0,-0.011374182791292351
0,0,-0.011374182791292351
0,0,-0.011374182791292351
0,0,-0.011374182791292351
0,0,-0.011374182791292351
0,0,-0.011374182791292351
0,0,-0.011374182791292351
0,0,-0.011374182791292351
0,0,-0.011374182791292351
0,0,-0.011374182791292351
0,0,-0.011374182791292351
0,0,-0.011374182791292351
0,0,-0.011374182791292351
0,0,-0.011374182791292351
0,0,-0.011374182791292351
0,0,-0.011374182791292351
0,0,-0.011374182791292351
0,0,-0.011374182791292351
0,0,-0.011374182791292351
0,0,-0.011374182791292351
0,0,-0.011374182791292351
0,0,-0.011374182791292351
0,0,-0.011374182791292351
0,0,-0.011374182791292351
0,0,-0.011374182791292351
0,0,-0.011374182791292351
0,0,-0.011374182791292351
0,0,-0.011374182791292351
0,0,-0.011374182791292351
0,0,-0.011374182791292351
0,0,-0.011374182791292351
0,0,-0.011374182791292351
0,0,-0.011374182791292351
0,0,-0.011374182791292351
0,0,-0.011374182791292351
0,0,-0.011374182791292351
0,0,-0.011374182791292351
0,0,-0.011374182791292351
0,0,-0.011374182791292351
0,0,-0.011374182791292351
0,0,-0.011374182791292351
0,0,-0.011374182791292351
0,0,-0.011374182791292351
0,0,-0.011374182791292351
0,0,-0.011374182791292351
0,0,-0.011374182791292351
0,0,-0.011374182791292351
0,0,-0.011374182791292351
0,0,-0.011374182791292351
0,0,-0.011374182791292351
0,0,-0.011374182791292351
0,0,-0.011374182791292351
0,0,-0.011374182791292351
0,0,-0.011374182791292351
0,0,-0.011374182791292351
0,0,-0.011374182791292351
0,0,-0.011374182791292351
0,0,-0.011374182791292351
0,0,-0.011374182791292351
0,0,-0.011374182791292351
0,0,-0.011374182791292351
0,0,-0.011374182791292351
0,0,-0.011374182791292351
0,0,-0.011374182791292351
0,0,-0.011374182791292351
0,0,-0.011374182791292351
0,0,-0.011374182791292351
0,0,-0.011374182791292351
0,0,-0.011374182791292351
0,0,-0.011374182791292351
0,0,-0.011374182791292351
0,0,-0.011374182791292351
0,0,-0.011374182791292351
0,0,-0.011374182791292351
0,0,-0.011374182791292351
0,0,-0.011374182791292351
0,0,-0.011374182791292351
0,0,-0.011374182791292351
0,0,-0.011374182791292351
0,0,-0.011374182791292351
0,0,-0.011374182791292351
0,0,-0.011374182791292351
0,0,-0.011374182791292351
0,0,-0.011374182791292351
0,0,-0.011374182791292351
0,0,-0.011374182791292351
0,0,-0.011374182791292351
0,0,-0.011374182791292351
0,0,-0.011374182791292351
0,0,-0.011374182791292351
0,0,-0.011374182791292351
0,0,-0.011374182791292351
0,0,-0.011374182791292351
0,0,-0.011374182791292351
0,0,-0.011374182791292351
0,0,-0.011374182791292351
0,0,-0.011374182791292351
0,0,-0.011374182791292351
0,0,-0.011374182791292351
0,0,-0.011374182791292351
0,0,-0.011374182791292351
0,0,-0.011374182791292351
0,0,-0.011374182791292351
0,0,-0.011374182791292351
0,0,-0.011374182791292351
0,0,-0.011374182791292351
0,0,-0.011374182791292351
0,0,-0.011374182791292351
0,0,-0.011374182791292351
0,0,-0.011374182791292351
0,0,-0.011374182791292351
0,0,-0.011374182791292351
0,0,-0.011374182791292351
0,0,-0.011374182791292351
0,0,-0.011374182791292351
0,0,-0.011374182791292351
0,0,-0.011374182791292351
0,0,-0.011374182791292351
0,0,-0.011374182791292351
0,0,-0.011374182791292351
0,0,-0.011374182791292351
0,0,-0.011374182791292351
0,0,-0.011374182791292351
0,0,-0.011374182791292351
0,0,-0.011374182791292351
0,0,-0.011374182791292351
0,0,-0.011374182791292351
0,0,-0.011374182791292351
0,0,-0.011374182791292351
0,0,-0.011374182791292351
0,0,-0.011374182791292351
0,0,-0.011374182791292351
0,0,-0.011374182791292351
0,0,-0.011374182791292351
0,0,-0.011374182791292351
0,0,-0.011374182791292351
0,0,-0.011374182791292351
0,0,-0.011374182791292351
0,0,-0.011374182791292351
0,0,-0.011374182791292351
0,0,-0.011374182791292351
0,0,-0.011374182791292351
0,0,-0.011374182791292351
0,0,-0.011374182791292351
0,0,-0.011374182791292351
0,0,-0.011374182791292351
0,0,-0.011374182791292351
0,0,-0.011374182791292351
0,0,-0.011374182791292351
0,0,-0.011374182791292351
0,0,-0.011374182791292351
0,0,-0.011374182791292351
0,0,-0.011374182791292351
0,0,-0.011374182791292351
0,0,-0.011374182791292351
0,0,-0.011374182791292351
0,0,-0.011374182791292351
0,0,-0.011374182791292351
0,0,-0.011374182791292351
0,0,-0.011374182791292351
0,0,-0.011374182791292351
0,0,-0.011374182791292351
0,0,-0.011374182791292351
0,0,-0.011374182791292351
0,0,-0.011374182791292351
0,0,-0.011374182791292351
0,0,-0.011374182791292351
0,0,-0.011374182791292351
0,0,-0.011374182791292351
0,0,-0.011374182791292351
0,0,-0.011374182791292351
0,0,-0.011374182791292351
0,0,-0.011374182791292351
0,0,-0.011374182791292351
0,0,-0.011374182791292351
0,0,-0.011374182791292351
0,0,-0.011374182791292351
0,0,-0.011374182791292351
0,0,-0.011374182791292351
0,0,-0.011374182791292351
0,0,-0.011374182791292351
0,0,-0.011374182791292351
0,0,-0.011374182791292351
0,0,-0.011374182791292351
0,0,-0.011374182791292351
0,0,-0.011374182791292351
0,0,-0.011374182791292351
0,0,-0.011374182791292351
0,0,-0.011374182791292351
0,0,-0.011374182791292351
0,0,-0.011374182791292351
0,0,-0.011374182791292351
0,0,-0.011374182791292351
0,0,-0.011374182791292351
0,0,-0.011374182791292351
0,0,-0.011374182791292351
0,0,-0.011374182791292351
0,0,-0.011374182791292351
0,0,-0.011374182791292351
0,0,-0.011374182791292351
0,0,-0.011374182791292351
0,0,-0.011374182791292351
0,0,-0.011374182791292351
0,0,-0.011374182791292351
0,0,-0.011374182791292351
0,0,-0.011374182791292351
0,0,-0.011374182791292351
0,0,-0.011374182791292351
0,0,-0.011374182791292351
0,0,-0.011374182791292351
0,0,-0.011374182791292351
0,0,-0.011374182791292351
0,0,-0.011374182791292351
0,0,-0.011374182791292351
0,0,-0.011374182791292351
0,0,-0.011374182791292351
0,0,-0.011374182791292351
0,0,-0.011374182791292351
0,0,-0.011374182791292351
0,0,-0.011374182791292351
0,0,-0.011374182791292351
0,0,-0.011374182791292351
0,0,-0.011374182791292351
0,0,-0.011374182791292351
0,0,-0.011374182791292351
0,0,-0.011374182791292351
0,0,-0.011374182791292351
0,0,-0.011374182791292351
0,0,-0.011374182791292351
0,0,-0.011374182791292351
0,0,-0.011374182791292351
0,0,-0.011374182791292351
0,0,-0.011374182791292351
0,0,-0.011374182791292351
0,0,-0.011374182791292351
0,0,-0.011374182791292351
0,0,-0.011374182791292351
0,0,-0.011374182791292351
0,0,-0.011374182791292351
0,0,-0.011374182791292351
0,0,-0.011374182791292351
0,0,-0.011374182791292351
0,0,-0.011374182791292351
0,0,-0.011374182791292351
0,0,-0.011374182791292351
0,0,-0.011374182791292351
0,0,-0.011374182791292351
0,0,-0.011374182791292351
0,0,-0.011374182791292351
0,0,-0.011374182791292351
0,0,-0.011374182791292351
0,0,-0.011374182791292351
0,0,-0.011374182791292351
0,0,-0.011374182791292351
0,0,-0.011374182791292351
0,0,-0.011374182791292351
0,0,-0.011374182791292351
0,0,-0.011374182791292351
0,0,-0.011374182791292351
0,0,-0.011374182791292351
0,0,-0.011374182791292351
0,0,-0.011374182791292351
0,0,-0.011374182791292351
0,0,-0.011374182791292351
0,0,-0.011374182791292351
0,0,-0.011374182791292351
0,0,-0.011374182791292351
0,0,-0.011374182791292351
0,0,-0.011374182791292351
0,0,-0.011374182791292351
0,0,-0.011374182791292351
0,0,-0.011374182791292351
0,0,-0.011374182791292351
0,0,-0.011374182791292351
0,0,-0.011374182791292351
0,0,-0.011374182791292351
0,0,-0.011374182791292351
0,0,-0.011374182791292351
0,0,-0.011374182791292351
0,0,-0.011374182791292351
0,0,-0.011374182791292351
0,0,-0.011374182791292351
0,0,-0.011374182791292351
0,0,-0.011374182791292351
0,0,-0.011374182791292351
0,0,-0.011374182791292351
0,0,-0.011374182791292351
0,0,-0.011374182791292351
0,0,-0.011374182791292351
0,0,-0.011374182791292351
0,0,-0.011374182791292351
0,0,-0.011374182791292351
0,0,-0.011374182791292351
0,0,-0.011374182791292351
0,0,-0.011374182791292351
0,0,-0.011374182791292351
0,0,-0.011374182791292351
0,0,-0.011374182791292351
0,0,-0.011374182791292351
0,0,-0.011374182791292351
0,0,-0.011374182791292351
0,0,-0.011374182791292351
0,0,-0.011374182791292351
0,0,-0.011374182791292351
0,0,-0.011374182791292351
0,0,-0.011374182791292351
0,0,-0.011374182791292351
0,0,-0.011374182791292351
0,0,-0.011374182791292351
0,0,-0.011374182791292351
0,0,-0.011374182791292351
0,0,-0.011374182791292351
0,0,-0.011374182791292351
0,0,-0.011374182791292351
0,0,-0.011374182791292351
0,0,-0.011374182791292351
0,0,-0.011374182791292351
0,0,-0.011374182791292351
0,0,-0.011374182791292351
0,0,-0.011374182791292351
0,0,-0.011374182791292351
0,0,-0.011374182791292351
0,0,-0.011374182791292351
0,0,-0.011374182791292351
0,0,-0.011374182791292351
0,0,-0.011374182791292351
0,0,-0.011374182791292351
0,0,-0.011374182791292351
0,0,-0.011374182791292351
0,0,-0.011374182791292351
0,0,-0.011374182791292351
0,0,-0.011374182791292351
0,0,-0.011374182791292351
0,0,-0.011374182791292351
0,0,-0.011374182791292351
0,0,-0.011374182791292351
0,0,-0.011374182791292351
0,0,-0.011374182791292351
0,0,-0.011374182791292351
0,0,-0.011374182791292351
0,0,-0.011374182791292351
0,0,-0.011374182791292351
0,0,-0.011374182791292351
0,0,-0.011374182791292351
0,0,-0.011374182791292351
0,0,-0.011374182791292351
0,0,-0.011374182791292351
0,0,-0.011374182791292351
0,0,-0.011374182791292351
0,0,-0.011374182791292351
0,0,-0.011374182791292351
0,0,-0.011374182791292351
0,0,-0.011374182791292351
0,0,-0.011374182791292351
0,0,-0.011374182791292351
0,0,-0.011374182791292351
0,0,-0.011374182791292351
0,0,-0.011374182791292351
0,0,-0.011374182791292351
0,0,-0.011374182791292351
0,0,-0.011374182791292351
0,0,-0.011374182791292351
0,0,-0.011374182791292351
0,0,-0.011374182791292351
0,0,-0.011374182791292351
0,0,-0.011374182791292351
0,0,-0.011374182791292351
0,0,-0.011374182791292351
0,0,-0.011374182791292351
0,0,-0.011374182791292351
0,0,-0.011374182791292351
0,0,-0.011374182791292351
0,0,-0.011374182791292351
0,0,-0.011374182791292351
0,0,-0.011374182791292351
0,0,-0.011374182791292351
0,0,-0.011374182791292351
0,0,-0.011374182791292351
0,0,-0.011374182791292351
0,0,-0.011374182791292351
0,0,-0.011374182791292351
0,0,-0.011374182791292351
0,0,-0.011374182791292351
0,0,-0.011374182791292351
0,0,-0.011374182791292351
0,0,-0.011374182791292351
0,0,-0.011374182791292351
0,0,-0.011374182791292351
0,0,-0.011374182791292351
0,0,-0.011374182791292351
0,0,-0.011374182791292351
0,0,-0.011374182791292351
0,0,-0.011374182791292351
0,0,-0.011374182791292351
0,0,-0.011374182791292351
0,0,-0.011374182791292351
0,0,-0.011374182791292351
0,0,-0.011374182791292351
0,0,-0.011374182791292351
0,0,-0.011374182791292351
0,0,-0.011374182791292351
0,0,-0.011374182791292351
0,0,-0.011374182791292351
0,0,-0.011374182791292351
0,0,-0.011374182791292351
0,0,-0.011374182791292351
0,0,-0.011374182791292351
0,0,-0.011374182791292351
0,0,-0.011374182791292351
0,0,-0.011374182791292351
0,0,-0.011374182791292351
0,0,-0.011374182791292351
0,0,-0.011374182791292351
0,0,-0.011374182791292351
0,0,-0.011374182791292351
0,0,-0.011374182791292351
0,0,-0.011374182791292351
0,0,-0.011374182791292351
0,0,-0.011374182791292351
0,0,-0.011374182791292351
0,0,-0.011374182791292351
0,0,-0.011374182791292351
0,0,-0.011374182791292351
0,0,-0.011374182791292351
0,0,-0.011374182791292351
0,0,-0.011374182791292351
0,0,-0.011374182791292351
0,0,-0.011374182791292351
0,0,-0.011374182791292351
0,0,-0.011374182791292351
0,0,-0.011374182791292351
0,0,-0.011374182791292351
0,0,-0.011374182791292351
0,0,-0.011374182791292351
0,0,-0.011374182791292351
0,0,-0.011374182791292351
0,0,-0.011374182791292351
0,0,-0.011374182791292351
0,0,-0.011374182791292351
0,0,-0.011374182791292351
0,0,-0.011374182791292351
0,0,-0.011374182791292351
0,0,-0.011374182791292351
0,0,-0.011374182791292351
0,0,-0.011374182791292351
0,0,-0.011374182791292351
0,0,-0.011374182791292351
0,0,-0.011374182791292351
0,0,-0.011374182791292351
0,0,-0.011374182791292351
0,0,-0.011374182791292351
0,0,-0.011374182791292351
0,0,-0.011374182791292351
0,0,-0.011374182791292351
0,0,-0.011374182791292351
0,0,-0.011374182791292351
0,0,-0.011374182791292351
0,0,-0.011374182791292351
0,0,-0.011374182791292351
0,0,-0.011374182791292351
0,0,-0.011374182791292351
0,0,-0.011374182791292351
0,0,-0.011374182791292351
0,0,-0.011374182791292351
0,0,-0.011374182791292351
0,0,-0.011374182791292351
0,0,-0.011374182791292351
0,0,-0.011374182791292351
0,0,-0.011374182791292351
0,0,-0.011374182791292351
0,0,-0.011374182791292351
0,0,-0.011374182791292351
0,0,-0.011374182791292351
0,0,-0.011374182791292351
0,0,-0.011374182791292351
0,0,-0.011374182791292351
0,0,-0.011374182791292351
0,0,-0.011374182791292351
0,0,-0.011374182791292351
0,0,-0.011374182791292351
0,0,-0.011374182791292351
0,0,-0.011374182791292351
0,0,-0.011374182791292351
0,0,-0.011374182791292351
0,0,-0.011374182791292351
0,0,-0.011374182791292351
0,0,-0.011374182791292351
0,0,-0.011374182791292351
0,0,-0.011374182791292351
0,0,-0.011374182791292351
0,0,-0.011374182791292351
0,0,-0.011374182791292351
0,0,-0.011374182791292351
0,0,-0.011374182791292351
0,0,-0.011374182791292351
0,0,-0.011374182791292351
0,0,-0.011374182791292351
0,0,-0.011374182791292351
0,0,-0.011374182791292351
0,0,-0.011374182791292351
0,0,-0.011374182791292351
0,0,-0.011374182791292351
0,0,-0.011374182791292351
0,0,-0.011374182791292351
0,0,-0.011374182791292351
0,0,-0.011374182791292351
0,0,-0.011374182791292351
0,0,-0.011374182791292351
0,0,-0.011374182791292351
0,0,-0.011374182791292351
0,0,-0.011374182791292351
0,0,-0.011374182791292351
0,0,-0.011374182791292351
0,0,-0.011374182791292351
0,0,-0.011374182791292351
0,0,-0.011374182791292351
0,0,-0.011374182791292351
0,0,-0.011374182791292351
0,0,-0.011374182791292351
0,0,-0.011374182791292351
0,0,-0.011374182791292351
0,0,-0.011374182791292351
0,0,-0.011374182791292351
0,0,-0.011374182791292351
0,0,-0.011374182791292351
0,0,-0.011374182791292351
0,0,-0.011374182791292351
0,0,-0.011374182791292351
0,0,-0.011374182791292351
0,0,-0.011374182791292351
0,0,-0.011374182791292351
0,0,-0.011374182791292351
0,0,-0.011374182791292351
0,0,-0.011374182791292351
0,0,-0.011374182791292351
0,0,-0.011374182791292351
0,0,-0.011374182791292351
0,0,-0.011374182791292351
0,0,-0.011374182791292351
0,0,-0.011374182791292351
0,0,-0.011374182791292351
0,0,-0.011374182791292351
0,0,-0.011374182791292351
0,0,-0.011374182791292351
0,0,-0.011374182791292351
0,0,-0.011374182791292351
0,0,-0.011374182791292351
0,0,-0.011374182791292351
0,0,-0.011374182791292351
0,0,-0.011374182791292351
0,0,-0.011374182791292351
0,0,-0.011374182791292351
0,0,-0.011374182791292351
0,0,-0.011374182791292351
0,0,-0.011374182791292351
0,0,-0.011374182791292351
0,0,-0.011374182791292351
0,0,-0.011374182791292351
0,0,-0.011374182791292351
0,0,-0.011374182791292351
0,0,-0.011374182791292351
0,0,-0.011374182791292351
0,0,-0.011374182791292351
0,0,-0.011374182791292351
0,0,-0.011374182791292351
0,0,-0.011374182791292351
0,0,-0.011374182791292351
0,0,-0.011374182791292351
0,0,-0.011374182791292351
0,0,-0.011374182791292351
0,0,-0.011374182791292351
0,0,-0.011374182791292351
0,0,-0.011374182791292351
0,0,-0.011374182791292351
0,0,-0.011374182791292351
0,0,-0.011374182791292351
0,0,-0.011374182791292351
0,0,-0.011374182791292351
0,0,-0.011374182791292351
0,0,-0.011374182791292351
0,0,-0.011374182791292351
0,0,-0.011374182791292351
0,0,-0.011374182791292351
0,0,-0.011374182791292351
0,0,-0.011374182791292351
0,0,-0.011374182791292351
0,0,-0.011374182791292351
0,0,-0.011374182791292351
0,0,-0.011374182791292351
0,0,-0.011374182791292351
0,0,-0.011374182791292351
0,0,-0.011374182791292351
0,0,-0.011374182791292351
0,0,-0.011374182791292351
0,0,-0.011374182791292351
0,0,-0.011374182791292351
0,0,-0.011374182791292351
0,0,-0.011374182791292351
0,0,-0.011374182791292351
0,0,-0.011374182791292351
0,0,-0.011374182791292351
0,0,-0.011374182791292351
0,0,-0.011374182791292351
0,0,-0.011374182791292351
0,0,-0.011374182791292351
0,0,-0.011374182791292351
0,0,-0.011374182791292351
0,0,-0.011374182791292351
0,0,-0.011374182791292351
0,0,-0.011374182791292351
0,0,-0.011374182791292351
0,0,-0.011374182791292351
0,0,-0.011374182791292351
0,0,-0.011374182791292351
0,0,-0.011374182791292351
0,0,-0.011374182791292351
0,0,-0.011374182791292351
0,0,-0.011374182791292351
0,0,-0.011374182791292351
0,0,-0.011374182791292351
0,0,-0.011374182791292351
0,0,-0.011374182791292351
0,0,-0.011374182791292351
0,0,-0.011374182791292351
0,0,-0.011374182791292351
0,0,-0.011374182791292351
0,0,-0.011374182791292351
0,0,-0.011374182791292351
0,0,-0.011374182791292351
0,0,-0.011374182791292351
0,0,-0.011374182791292351
0,0,-0.011374182791292351
0,0,-0.011374182791292351
0,0,-0.011374182791292351
0,0,-0.011374182791292351
0,0,-0.011374182791292351
0,0,-0.011374182791292351
0,0,-0.011374182791292351
0,0,-0.011374182791292351
0,0,-0.011374182791292351
0,0,-0.011374182791292351
0,0,-0.011374182791292351
0,0,-0.011374182791292351
0,0,-0.011374182791292351
0,0,-0.011374182791292351
0,0,-0.011374182791292351
0,0,-0.011374182791292351
0,0,-0.011374182791292351
0,0,-0.011374182791292351
0,0,-0.011374182791292351
0,0,-0.011374182791292351
0,0,-0.011374182791292351
0,0,-0.011374182791292351
0,0,-0.011374182791292351
0,0,-0.011374182791292351
0,0,-0.011374182791292351
0,0,-0.011374182791292351
0,0,-0.011374182791292351
0,0,-0.011374182791292351
0,0,-0.011374182791292351
0,0,-0.011374182791292351
0,0,-0.011374182791292351
0,0,-0.011374182791292351
0,0,-0.011374182791292351
0,0,-0.011374182791292351
0,0,-0.011374182791292351
0,0,-0.011374182791292351
0,0,-0.011374182791292351
0,0,-0.011374182791292351
0,0,-0.011374182791292351
0,0,-0.011374182791292351
0,0,-0.011374182791292351
0,0,-0.011374182791292351
0,0,-0.011374182791292351
0,0,-0.011374182791292351
0,0,-0.011374182791292351
0,0,-0.011374182791292351
0,0,-0.011374182791292351
0,0,-0.011374182791292351
0,0,-0.011374182791292351
0,0,-0.011374182791292351
0,0,-0.011374182791292351
0,0,-0.011374182791292351
0,0,-0.011374182791292351
0,0,-0.011374182791292351
0,0,-0.011374182791292351
0,0,-0.011374182791292351
0,0,-0.011374182791292351
0,0,-0.011374182791292351
0,0,-0.011374182791292351
0,0,-0.011374182791292351
0,0,-0.011374182791292351
0,0,-0.011374182791292351
0,0,-0.011374182791292351
0,0,-0.011374182791292351
0,0,-0.011374182791292351
0,0,-0.011374182791292351
0,0,-0.011374182791292351
0,0,-0.011374182791292351
0,0,-0.011374182791292351
0,0,-0.011374182791292351
0,0,-0.011374182791292351
0,0,-0.011374182791292351
0,0,-0.011374182791292351
0,0,-0.011374182791292351
0,0,-0.011374182791292351
0,0,-0.011374182791292351
0,0,-0.011374182791292351
0,0,-0.011374182791292351
0,0,-0.011374182791292351
0,0,-0.011374182791292351
0,0,-0.011374182791292351
0,0,-0.011374182791292351
0,0,-0.011374182791292351
0,0,-0.011374182791292351
0,0,-0.011374182791292351
0,0,-0.011374182791292351
0,0,-0.011374182791292351
0,0,-0.011374182791292351
0,0,-0.011374182791292351
0,0,-0.011374182791292351
0,0,-0.011374182791292351
0,0,-0.011374182791292351
0,0,-0.011374182791292351
0,0,-0.011374182791292351
0,0,-0.011374182791292351
0,0,-0.011374182791292351
0,0,-0.011374182791292351
0,0,-0.011374182791292351
0,0,-0.011374182791292351
0,0,-0.011374182791292351
0,0,-0.011374182791292351
0,0,-0.011374182791292351
0,0,-0.011374182791292351
0,0,-0.011374182791292351
0,0,-0.011374182791292351
0,0,-0.011374182791292351
0,0,-0.011374182791292351
0,0,-0.011374182791292351
0,0,-0.011374182791292351
0,0,-0.011374182791292351
0,0,-0.011374182791292351
0,0,-0.011374182791292351
0,0,-0.011374182791292351
0,0,-0.011374182791292351
0,0,-0.011374182791292351
0,0,-0.011374182791292351
0,0,-0.011374182791292351
0,0,-0.011374182791292351
0,0,-0.011374182791292351
0,0,-0.011374182791292351
0,0,-0.011374182791292351
0,0,-0.011374182791292351
0,0,-0.011374182791292351
0,0,-0.011374182791292351
0,0,-0.011374182791292351
0,0,-0.011374182791292351
0,0,-0.011374182791292351
0,0,-0.011374182791292351
0,0,-0.011374182791292351
0,0,-0.011374182791292351
0,0,-0.011374182791292351
0,0,-0.011374182791292351
0,0,-0.011374182791292351
0,0,-0.011374182791292351
0,0,-0.011374182791292351
0,0,-0.011374182791292351
0,0,-0.011374182791292351
0,0,-0.011374182791292351
0,0,-0.011374182791292351
0,0,-0.011374182791292351
0,0,-0.011374182791292351
0,0,-0.011374182791292351
0,0,-0.011374182791292351
0,0,-0.011374182791292351
0,0,-0.011374182791292351
0,0,-0.011374182791292351
0,0,-0.011374182791292351
0,0,-0.011374182791292351
0,0,-0.011374182791292351
0,0,-0.011374182791292351
0,0,-0.011374182791292351
0,0,-0.011374182791292351
0,0,-0.011374182791292351
0,0,-0.011374182791292351
0,0,-0.011374182791292351
0,0,-0.011374182791292351
0,0,-0.011374182791292351
0,0,-0.011374182791292351
0,0,-0.011374182791292351
0,0,-0.011374182791292351
0,0,-0.011374182791292351
0,0,-0.011374182791292351
0,0,-0.011374182791292351
0,0,-0.011374182791292351
0,0,-0.011374182791292351
0,0,-0.011374182791292351
0,0,-0.011374182791292351
0,0,-0.011374182791292351
0,0,-0.011374182791292351
0,0,-0.011374182791292351
0,0,-0.011374182791292351
0,0,-0.011374182791292351
0,0,-0.011374182791292351
0,0,-0.011374182791292351
0,0,-0.011374182791292351
0,0,-0.011374182791292351
0,0,-0.011374182791292351
0,0,-0.011374182791292351
0,0,-0.011374182791292351
0,0,-0.011374182791292351
0,0,-0.011374182791292351
0,0,-0.011374182791292351
0,0,-0.011374182791292351
0,0,-0.011374182791292351
0,0,-0.011374182791292351
0,0,-0.011374182791292351
0,0,-0.011374182791292351
0,0,-0.011374182791292351
0,0,-0.011374182791292351
0,0,-0.011374182791292351
0,0,-0.011374182791292351
0,0,-0.011374182791292351
0,0,-0.011374182791292351
0,0,-0.011374182791292351
0,0,-0.011374182791292351
0,0,-0.011374182791292351
0,0,-0.011374182791292351
0,0,-0.011374182791292351
0,0,-0.011374182791292351
0,0,-0.011374182791292351
0,0,-0.011374182791292351
0,0,-0.011374182791292351
0,0,-0.011374182791292351
0,0,-0.011374182791292351
0,0,-0.011374182791292351
0,0,-0.011374182791292351
0,0,-0.011374182791292351
0,0,-0.011374182791292351
0,0,-0.011374182791292351
0,0,-0.011374182791292351
0,0,-0.011374182791292351
0,0,-0.011374182791292351
0,0,-0.011374182791292351
0,0,-0.011374182791292351
0,0,-0.011374182791292351
0,0,-0.011374182791292351
0,0,-0.011374182791292351
0,0,-0.011374182791292351
0,0,-0.011374182791292351
0,0,-0.011374182791292351
0,0,-0.011374182791292351
0,0,-0.011374182791292351
0,0,-0.011374182791292351
0,0,-0.011374182791292351
0,0,-0.011374182791292351
0,0,-0.011374182791292351
0,0,-0.011374182791292351
0,0,-0.011374182791292351
0,0,-0.011374182791292351
0,0,-0.011374182791292351
0,0,-0.011374182791292351
0,0,-0.011374182791292351
0,0,-0.011374182791292351
0,0,-0.011374182791292351
0,0,-0.011374182791292351
0,0,-0.011374182791292351
0,0,-0.011374182791292351
0,0,-0.011374182791292351
0,0,-0.011374182791292351
0,0,-0.011374182791292351
0,0,-0.011374182791292351
0,0,-0.011374182791292351
0,0,-0.011374182791292351
0,0,-0.011374182791292351
0,0,-0.011374182791292351
0,0,-0.011374182791292351
0,0,-0.011374182791292351
0,0,-0.011374182791292351
0,0,-0.011374182791292351
0,0,-0.011374182791292351
0,0,-0.011374182791292351
0,0,-0.011374182791292351
0,0,-0.011374182791292351
0,0,-0.011374182791292351
0,0,-0.011374182791292351
0,0,-0.011374182791292351
0,0,-0.011374182791292351
0,0,-0.011374182791292351
0,0,-0.011374182791292351
0,0,-0.011374182791292351
0,0,-0.011374182791292351
0,0,-0.011374182791292351
0,0,-0.011374182791292351
0,0,-0.011374182791292351
0,0,-0.011374182791292351
0,0,-0.011374182791292351
0,0,-0.011374182791292351
0,0,-0.011374182791292351
0,0,-0.011374182791292351
0,0,-0.011374182791292351
0,0,-0.011374182791292351
0,0,-0.011374182791292351
0,0,-0.011374182791292351
0,0,-0.011374182791292351
0,0,-0.011374182791292351
0,0,-0.011374182791292351
0,0,-0.011374182791292351
0,0,-0.011374182791292351
0,0,-0.011374182791292351
0,0,-0.011374182791292351
0,0,-0.011374182791292351
0,0,-0.011374182791292351
0,0,-0.011374182791292351
0,0,-0.011374182791292351
0,0,-0.011374182791292351
0,0,-0.011374182791292351
0,0,-0.011374182791292351
0,0,-0.011374182791292351
0,0,-0.011374182791292351
0,0,-0.011374182791292351
0,0,-0.011374182791292351
0,0,-0.011374182791292351
0,0,-0.011374182791292351
0,0,-0.011374182791292351
0,0,-0.011374182791292351
0,0,-0.011374182791292351
0,0,-0.011374182791292351
0,0,-0.011374182791292351
0,0,-0.011374182791292351
0,0,-0.011374182791292351
0,0,-0.011374182791292351
0,0,-0.011374182791292351
0,0,-0.011374182791292351
0,0,-0.011374182791292351
0,0,-0.011374182791292351
0,0,-0.011374182791292351
0,0,-0.011374182791292351
0,0,-0.011374182791292351
0,0,-0.011374182791292351
0,0,-0.011374182791292351
0,0,-0.011374182791292351
0,0,-0.011374182791292351
0,0,-0.011374182791292351
0,0,-0.011374182791292351
0,0,-0.011374182791292351
0,0,-0.011374182791292351
0,0,-0.011374182791292351
0,0,-0.011374182791292351
0,0,-0.011374182791292351
0,0,-0.011374182791292351
0,0,-0.011374182791292351
0,0,-0.011374182791292351
0,0,-0.011374182791292351
0,0,-0.011374182791292351
0,0,-0.011374182791292351
0,0,-0.011374182791292351
0,0,-0.011374182791292351
0,0,-0.011374182791292351
0,0,-0.011374182791292351
0,0,-0.011374182791292351
0,0,-0.011374182791292351
0,0,-0.011374182791292351
0,0,-0.011374182791292351
0,0,-0.011374182791292351
0,0,-0.011374182791292351
0,0,-0.011374182791292351
0,0,-0.011374182791292351
0,0,-0.011374182791292351
0,0,-0.011374182791292351
0,0,-0.011374182791292351
0,0,-0.011374182791292351
0,0,-0.011374182791292351
0,0,-0.011374182791292351
0,0,-0.011374182791292351
0,0,-0.011374182791292351
0,0,-0.011374182791292351
0,0,-0.011374182791292351
0,0,-0.011374182791292351
0,0,-0.011374182791292351
0,0,-0.011374182791292351
0,0,-0.011374182791292351
0,0,-0.011374182791292351
0,0,-0.011374182791292351
0,0,-0.011374182791292351
0,0,-0.011374182791292351
0,0,-0.011374182791292351
0,0,-0.011374182791292351
0,0,-0.011374182791292351
0,0,-0.011374182791292351
0,0,-0.011374182791292351
0,0,-0.011374182791292351
0,0,-0.011374182791292351
0,0,-0.011374182791292351
0,0,-0.011374182791292351
0,0,-0.011374182791292351
0,0,-0.011374182791292351
0,0,-0.011374182791292351
0,0,-0.011374182791292351
0,0,-0.011374182791292351
0,0,-0.011374182791292351
0,0,-0.011374182791292351
0,0,-0.011374182791292351
0,0,-0.011374182791292351
0,0,-0.011374182791292351
0,0,-0.011374182791292351
0,0,-0.011374182791292351
0,0,-0.011374182791292351
0,0,-0.011374182791292351
0,0,-0.011374182791292351
0,0,-0.011374182791292351
0,0,-0.011374182791292351
0,0,-0.011374182791292351
0,0,-0.011374182791292351
0,0,-0.011374182791292351
0,0,-0.011374182791292351
0,0,-0.011374182791292351
0,0,-0.011374182791292351
0,0,-0.011374182791292351
0,0,-0.011374182791292351
0,0,-0.011374182791292351
0,0,-0.011374182791292351
0,0,-0.011374182791292351
0,0,-0.011374182791292351
0,0,-0.011374182791292351
0,0,-0.011374182791292351
0,0,-0.011374182791292351
0,0,-0.011374182791292351
0,0,-0.011374182791292351
0,0,-0.011374182791292351
0,0,-0.011374182791292351
0,0,-0.011374182791292351
0,0,-0.011374182791292351
0,0,-0.011374182791292351
0,0,-0.011374182791292351
0,0,-0.011374182791292351
0,0,-0.011374182791292351
0,0,-0.011374182791292351
0,0,-0.011374182791292351
0,0,-0.011374182791292351
0,0,-0.011374182791292351
0,0,-0.011374182791292351
0,0,-0.011374182791292351
0,0,-0.011374182791292351
0,0,-0.011374182791292351
0,0,-0.011374182791292351
0,0,-0.011374182791292351
0,0,-0.011374182791292351
0,0,-0.011374182791292351
0,0,-0.011374182791292351
0,0,-0.011374182791292351
0,0,-0.011374182791292351
0,0,-0.011374182791292351
0,0,-0.011374182791292351
0,0,-0.011374182791292351
0,0,-0.011374182791292351
0,0,-0.011374182791292351
0,0,-0.011374182791292351
0,0,-0.011374182791292351
0,0,-0.011374182791292351
0,0,-0.011374182791292351
0,0,-0.011374182791292351
0,0,-0.011374182791292351
0,0,-0.011374182791292351
0,0,-0.011374182791292351
0,0,-0.011374182791292351
0,0,-0.011374182791292351
0,0,-0.011374182791292351
0,0,-0.011374182791292351
0,0,-0.011374182791292351
0,0,-0.011374182791292351
0,0,-0.011374182791292351
0,0,-0.011374182791292351
0,0,-0.011374182791292351
0,0,-0.011374182791292351
0,0,-0.011374182791292351
0,0,-0.011374182791292351
0,0,-0.011374182791292351
0,0,-0.011374182791292351
0,0,-0.011374182791292351
0,0,-0.011374182791292351
0,0,-0.011374182791292351
0,0,-0.011374182791292351
0,0,-0.011374182791292351
0,0,-0.011374182791292351
0,0,-0.011374182791292351
0,0,-0.011374182791292351
0,0,-0.011374182791292351
0,0,-0.011374182791292351
0,0,-0.011374182791292351
0,0,-0.011374182791292351
0,0,-0.011374182791292351
0,0,-0.011374182791292351
0,0,-0.011374182791292351
0,0,-0.011374182791292351
0,0,-0.011374182791292351
0,0,-0.011374182791292351
0,0,-0.011374182791292351
0,0,-0.011374182791292351
0,0,-0.011374182791292351
0,0,-0.011374182791292351
0,0,-0.011374182791292351
0,0,-0.011374182791292351
0,0,-0.011374182791292351
0,0,-0.011374182791292351
0,0,-0.011374182791292351
0,0,-0.011374182791292351
0,0,-0.011374182791292351
0,0,-0.011374182791292351
0,0,-0.011374182791292351
0,0,-0.011374182791292351
0,0,-0.011374182791292351
0,0,-0.011374182791292351
0,0,-0.011374182791292351
0,0,-0.011374182791292351
0,0,-0.011374182791292351
0,0,-0.011374182791292351
0,0,-0.011374182791292351
0,0,-0.011374182791292351
0,0,-0.011374182791292351
0,0,-0.011374182791292351
0,0,-0.011374182791292351
0,0,-0.011374182791292351
0,0,-0.011374182791292351
0,0,-0.011374182791292351
0,0,-0.011374182791292351
0,0,-0.011374182791292351
0,0,-0.011374182791292351
0,0,-0.011374182791292351
0,0,-0.011374182791292351
0,0,-0.011374182791292351
0,0,-0.011374182791292351
0,0,-0.011374182791292351
0,0,-0.011374182791292351
0,0,-0.011374182791292351
0,0,-0.011374182791292351
0,0,-0.011374182791292351
0,0,-0.011374182791292351
0,0,-0.011374182791292351
0,0,-0.011374182791292351
0,0,-0.011374182791292351
0,0,-0.011374182791292351
0,0,-0.011374182791292351
0,0,-0.011374182791292351
0,0,-0.011374182791292351
0,0,-0.011374182791292351
0,0,-0.011374182791292351
0,0,-0.011374182791292351
0,0,-0.011374182791292351
0,0,-0.011374182791292351
0,0,-0.011374182791292351
0,0,-0.011374182791292351
0,0,-0.011374182791292351
0,0,-0.011374182791292351
0,0,-0.011374182791292351
0,0,-0.011374182791292351
0,0,-0.011374182791292351
0,0,-0.011374182791292351
0,0,-0.011374182791292351
0,0,-0.011374182791292351
0,0,-0.011374182791292351
0,0,-0.011374182791292351
0,0,-0.011374182791292351
0,0,-0.011374182791292351
0,0,-0.011374182791292351
0,0,-0.011374182791292351
0,0,-0.011374182791292351
0,0,-0.011374182791292351
0,0,-0.011374182791292351
0,0,-0.011374182791292351
0,0,-0.011374182791292351
0,0,-0.011374182791292351
0,0,-0.011374182791292351
0,0,-0.011374182791292351
0,0,-0.011374182791292351
0,0,-0.011374182791292351
0,0,-0.011374182791292351
0,0,-0.011374182791292351
0,0,-0.011374182791292351
0,0,-0.011374182791292351
0,0,-0.011374182791292351
0,0,-0.011374182791292351
0,0,-0.011374182791292351
0,0,-0.011374182791292351
0,0,-0.011374182791292351
0,0,-0.011374182791292351
0,0,-0.011374182791292351
0,0,-0.011374182791292351
0,0,-0.011374182791292351
0,0,-0.011374182791292351
0,0,-0.011374182791292351
0,0,-0.011374182791292351
0,0,-0.011374182791292351
0,0,-0.011374182791292351
0,0,-0.011374182791292351
0,0,-0.011374182791292351
0,0,-0.011374182791292351
0,0,-0.011374182791292351
0,0,-0.011374182791292351
0,0,-0.011374182791292351
0,0,-0.011374182791292351
0,0,-0.011374182791292351
0,0,-0.011374182791292351
0,0,-0.011374182791292351
0,0,-0.011374182791292351
0,0,-0.011374182791292351
0,0,-0.011374182791292351
0,0,-0.011374182791292351
0,0,-0.011374182791292351
0,0,-0.011374182791292351
0,0,-0.011374182791292351
0,0,-0.011374182791292351
0,0,-0.011374182791292351
0,0,-0.011374182791292351
0,0,-0.011374182791292351
0,0,-0.011374182791292351
0,0,-0.011374182791292351
0,0,-0.011374182791292351
0,0,-0.011374182791292351
0,0,-0.011374182791292351
0,0,-0.011374182791292351
0,0,-0.011374182791292351
0,0,-0.011374182791292351
0,0,-0.011374182791292351
0,0,-0.011374182791292351
0,0,-0.011374182791292351
0,0,-0.011374182791292351
0,0,-0.011374182791292351
0,0,-0.011374182791292351
0,0,-0.011374182791292351
0,0,-0.011374182791292351
0,0,-0.011374182791292351
0,0,-0.011374182791292351
0,0,-0.011374182791292351
0,0,-0.011374182791292351
0,0,-0.011374182791292351
0,0,-0.011374182791292351
0,0,-0.011374182791292351
0,0,-0.011374182791292351
0,0,-0.011374182791292351
0,0,-0.011374182791292351
0,0,-0.011374182791292351
0,0,-0.011374182791292351
0,0,-0.011374182791292351
0,0,-0.011374182791292351
0,0,-0.011374182791292351
0,0,-0.011374182791292351
0,0,-0.011374182791292351
0,0,-0.011374182791292351
0,0,-0.011374182791292351
0,0,-0.011374182791292351
0,0,-0.011374182791292351
0,0,-0.011374182791292351
0,0,-0.011374182791292351
0,0,-0.011374182791292351
0,0,-0.011374182791292351
0,0,-0.011374182791292351
0,0,-0.011374182791292351
0,0,-0.011374182791292351
0,0,-0.011374182791292351
0,0,-0.011374182791292351
0,0,-0.011374182791292351
0,0,-0.011374182791292351
0,0,-0.011374182791292351
0,0,-0.011374182791292351
0,0,-0.011374182791292351
0,0,-0.011374182791292351
0,0,-0.011374182791292351
0,0,-0.011374182791292351
0,0,-0.011374182791292351
0,0,-0.011374182791292351
0,0,-0.011374182791292351
0,0,-0.011374182791292351
0,0,-0.011374182791292351
0,0,-0.011374182791292351
0,0,-0.011374182791292351
0,0,-0.011374182791292351
0,0,-0.011374182791292351
0,0,-0.011374182791292351
0,0,-0.011374182791292351
0,0,-0.011374182791292351
0,0,-0.011374182791292351
0,0,-0.011374182791292351
0,0,-0.011374182791292351
0,0,-0.011374182791292351
0,0,-0.011374182791292351
0,0,-0.011374182791292351
0,0,-0.011374182791292351
0,0,-0.011374182791292351
0,0,-0.011374182791292351
0,0,-0.011374182791292351
0,0,-0.011374182791292351
0,0,-0.011374182791292351
0,0,-0.011374182791292351
0,0,-0.011374182791292351
0,0,-0.011374182791292351
0,0,-0.011374182791292351
0,0,-0.011374182791292351
0,0,-0.011374182791292351
0,0,-0.011374182791292351
0,0,-0.011374182791292351
0,0,-0.011374182791292351
0,0,-0.011374182791292351
0,0,-0.011374182791292351
0,0,-0.011374182791292351
0,0,-0.011374182791292351
0,0,-0.011374182791292351
0,0,-0.011374182791292351
0,0,-0.011374182791292351
0,0,-0.011374182791292351
0,0,-0.011374182791292351
0,0,-0.011374182791292351
0,0,-0.011374182791292351
0,0,-0.011374182791292351
0,0,-0.011374182791292351
0,0,-0.011374182791292351
0,0,-0.011374182791292351
0,0,-0.011374182791292351
0,0,-0.011374182791292351
0,0,-0.011374182791292351
0,0,-0.011374182791292351
0,0,-0.011374182791292351
0,0,-0.011374182791292351
0,0,-0.011374182791292351
0,0,-0.011374182791292351
0,0,-0.011374182791292351
0,0,-0.011374182791292351
0,0,-0.011374182791292351
0,0,-0.011374182791292351
0,0,-0.011374182791292351
0,0,-0.011374182791292351
0,0,-0.011374182791292351
0,0,-0.011374182791292351
0,0,-0.011374182791292351
0,0,-0.011374182791292351
0,0,-0.011374182791292351
0,0,-0.011374182791292351
0,0,-0.011374182791292351
0,0,-0.011374182791292351
0,0,-0.011374182791292351
0,0,-0.011374182791292351
0,0,-0.011374182791292351
0,0,-0.011374182791292351
0,0,-0.011374182791292351
0,0,-0.011374182791292351
0,0,-0.011374182791292351
0,0,-0.011374182791292351
0,0,-0.011374182791292351
0,0,-0.011374182791292351
0,0,-0.011374182791292351
0,0,-0.011374182791292351
0,0,-0.011374182791292351
0,0,-0.011374182791292351
0,0,-0.011374182791292351
0,0,-0.011374182791292351
0,0,-0.011374182791292351
0,0,-0.011374182791292351
0,0,-0.011374182791292351
0,0,-0.011374182791292351
0,0,-0.011374182791292351
0,0,-0.011374182791292351
0,0,-0.011374182791292351
0,0,-0.011374182791292351
0,0,-0.011374182791292351
0,0,-0.011374182791292351
0,0,-0.011374182791292351
0,0,-0.011374182791292351
0,0,-0.011374182791292351
0,0,-0.011374182791292351
0,0,-0.011374182791292351
0,0,-0.011374182791292351
0,0,-0.011374182791292351
0,0,-0.011374182791292351
0,0,-0.011374182791292351
0,0,-0.011374182791292351
0,0,-0.011374182791292351
0,0,-0.011374182791292351
0,0,-0.011374182791292351
0,0,-0.011374182791292351
0,0,-0.011374182791292351
0,0,-0.011374182791292351
0,0,-0.011374182791292351
0,0,-0.011374182791292351
0,0,-0.011374182791292351
0,0,-0.011374182791292351
0,0,-0.011374182791292351
0,0,-0.011374182791292351
0,0,-0.011374182791292351
0,0,-0.011374182791292351
0,0,-0.011374182791292351
0,0,-0.011374182791292351
0,0,-0.011374182791292351
0,0,-0.011374182791292351
0,0,-0.011374182791292351
0,0,-0.011374182791292351
0,0,-0.011374182791292351
0,0,-0.011374182791292351
0,0,-0.011374182791292351
0,0,-0.011374182791292351
0,0,-0.011374182791292351
0,0,-0.011374182791292351
0,0,-0.011374182791292351
0,0,-0.011374182791292351
0,0,-0.011374182791292351
0,0,-0.011374182791292351
0,0,-0.011374182791292351
0,0,-0.011374182791292351
0,0,-0.011374182791292351
0,0,-0.011374182791292351
0,0,-0.011374182791292351
0,0,-0.011374182791292351
0,0,-0.011374182791292351
0,0,-0.011374182791292351
0,0,-0.011374182791292351
0,0,-0.011374182791292351
0,0,-0.011374182791292351
0,0,-0.011374182791292351
0,0,-0.011374182791292351
0,0,-0.011374182791292351
0,0,-0.011374182791292351
0,0,-0.011374182791292351
0,0,-0.011374182791292351
0,0,-0.011374182791292351
0,0,-0.011374182791292351
0,0,-0.011374182791292351
0,0,-0.011374182791292351
0,0,-0.011374182791292351
0,0,-0.011374182791292351
0,0,-0.011374182791292351
0,0,-0.011374182791292351
0,0,-0.011374182791292351
0,0,-0.011374182791292351
0,0,-0.011374182791292351
0,0,-0.011374182791292351
0,0,-0.011374182791292351
0,0,-0.011374182791292351
0,0,-0.011374182791292351
0,0,-0.011374182791292351
0,0,-0.011374182791292351
0,0,-0.011374182791292351
0,0,-0.011374182791292351
0,0,-0.011374182791292351
0,0,-0.011374182791292351
0,0,-0.011374182791292351
0,0,-0.011374182791292351
0,0,-0.011374182791292351
0,0,-0.011374182791292351
0,0,-0.011374182791292351
0,0,-0.011374182791292351
0,0,-0.011374182791292351
0,0,-0.011374182791292351
0,0,-0.011374182791292351
0,0,-0.011374182791292351
0,0,-0.011374182791292351
0,0,-0.011374182791292351
0,0,-0.011374182791292351
0,0,-0.011374182791292351
0,0,-0.011374182791292351
0,0,-0.011374182791292351
0,0,-0.011374182791292351
0,0,-0.011374182791292351
0,0,-0.011374182791292351
0,0,-0.011374182791292351
0,0,-0.011374182791292351
0,0,-0.011374182791292351
0,0,-0.011374182791292351
0,0,-0.011374182791292351
0,0,-0.011374182791292351
0,0,-0.011374182791292351
0,0,-0.011374182791292351
0,0,-0.011374182791292351
0,0,-0.011374182791292351
0,0,-0.011374182791292351
0,0,-0.011374182791292351
0,0,-0.011374182791292351
0,0,-0.011374182791292351
0,0,-0.011374182791292351
0,0,-0.011374182791292351
0,0,-0.011374182791292351
0,0,-0.011374182791292351
0,0,-0.011374182791292351
