0,0,0
0,0,0.0
0,0,0.0
0,0,0.0
0,0.0,0.0
0,0.0,0.0
0,0,0.0
0,0,0.0
0,0,0.0
0,0,0.0
0,0,0.0
0,0,0.0
0,0,0.0
0,0,0.0
0,0,0.0
0,0,0.0
0,0,0.0
0,0,0.0
0,0,0.0
0,0,0.0
0,0,0.0
0,0,0.0
0,0,0.0
0,0,0.0
0,0,0.0
0,0,0.0
0,0,0.0
0,0,0.0
0,0,0.0
0,0,0.0
0,0,0.0
0,0,0.0
0,0,0.0
0,0,0.0
0,0,0.0
0,0,0.0
0,0,0.0
0,0,0.0
0,0,0.0
0,0,0.0
0,0,0.0
0,0,0.0
0,0,0.0
0,0,0.0
0,0,0.0
0,0,0.0
0,0,0.0
0,0,0.0
0,0,0.0
0,0,0.0
0,0,0.0
0,0,0.0
0,0,0.0
0,0,0.0
0,0,0.0
0,0,0.0
0,0,0.0
0,0,0.0
0,0,0.0
0,0,0.0
0,0,0.0
0,0,0.0
0,0,0.0
0,0,0.0
0,0,0.0
0,0,0.0
0,0,0.0
0,0,0.0
0,0,0.0
0,0,0.0
0,0,0.0
0,0,0.0
0,0,0.0
0,0,0.0
0,0,0.0
0,0,0.0
0,0,0.0
0,0,0.0
0,0,0.0
0,0,0.0
0,0,0.0
0,0,0.0
0,0,0.0
0,0,0.0
0,0,0.0
0,0,0.0
0,0,0.0
0,0,0.0
0,0,0.0
0,0,0.0
0,0,0.0
0,0,0.0
0,0,0.0
0,0,0.0
0,0,0.0
0,0,0.0
0,0,0.0
0,0,0.0
0,0,0.0
0,0,0.0
0,0,0.0
0,0,0.0
0,0,0.0
0,0,0.0
0,0,0.0
0,0,0.0
0,0,0.0
0,0,0.0
0,0,0.0
0,0,0.0
0,0,0.0
0,0,0.0
0,0,0.0
0,0,0.0
0,0,0.0
0,0,0.0
0,0,0.0
0,0,0.0
0,0,0.0
0,0,0.0
0,0,0.0
0,0,0.0
0,0,0.0
0,0,0.0
0,0,0.0
0,0,0.0
0,0,0.0
0,0,0.0
0,0,0.0
0,0,0.0
0,0,0.0
0,0,0.0
0,0,0.0
0,0,0.0
0,0,0.0
0,0,0.0
0,0,0.0
0,0,0.0
0,0,0.0
0,0,0.0
0,0,0.0
0,0,0.0
0,0,0.0
0,0,0.0
0,0,0.0
0,0,0.0
0,0,0.0
0,0,0.0
0,0,0.0
0,0,0.0
0,0,0.0
0,0,0.0
0,0,0.0
0,0,0.0
0,0,0.0
0,0,0.0
0,0,0.0
0,0,0.0
0,0,0.0
0,0,0.0
0,0,0.0
0,0,0.0
0,0,0.0
0,0,0.0
0,0,0.0
0,0,0.0
0,0,0.0
0,0,0.0
0,0,0.0
0,0,0.0
0,0,0.0
0,0,0.0
0,0,0.0
0,0,0.0
0,0,0.0
0,0,0.0
0,0,0.0
0,0,0.0
0,0,0.0
0,0,0.0
0,0,0.0
0,0,0.0
0,0,0.0
0,0,0.0
0,0,0.0
0,0,0.0
0,0,0.0
0,0,0.0
0,0,0.0
0,0,0.0
0,0,0.0
0,0,0.0
0,0,0.0
0,0,0.0
0,0,0.0
0,0,0.0
0,0,0.0
0,0,0.0
0,0,0.0
0,0,0.0
0,0,0.0
0,0,0.0
0,0,0.0
0,0,0.0
0,0,0.0
0,0,0.0
0,0,0.0
0,0,0.0
0,0,0.0
0,0,0.0
0,0,0.0
0,0,0.0
0,0,0.0
0,0,0.0
0,0,0.0
0,0,0.0
0,0,0.0
0,0,0.0
0,0,0.0
0,0,0.0
0,0,0.0
0,0,0.0
0,0,0.0
0,0,0.0
0,0,0.0
0,0,0.0
0,0,0.0
0,0,0.0
0,0,0.0
0,0,0.0
0,0,0.0
0,0,0.0
0,0,0.0
0,0,0.0
0,0,0.0
0,0,0.0
0,0,0.0
0,0,0.0
0,0,0.0
0,0,0.0
0,0,0.0
0,0,0.0
0,0,0.0
1.0,-0.027463713065015355,0.0
1.0,0.15049816762004622,0.0
1.0,0.2,0.039998816588835605
1.0,0.2,0.07996784499003856
1.0,0.2,0.12000203714693797
1.0,0.2,0.15999760054794207
1.0,0.2,0.19996150526516443
1.0,0.2,0.2399936534695253
1.0,0.2,0.28006620355565054
1.0,0.2,0.3199896191703149
1.0,0.2,0.3599937807306227
1.0,0.2,0.4000030149525028
1.0,0.2,0.4399570492465514
1.0,0.2,0.47995501367570537
1.0,0.2,0.5199550393443668
1.0,0.2,0.5599544517629635
1.0,0.2,0.5999527219865511
1.0,0.2,0.6399543749506642
1.0,0.2,0.6799548281328419
1.0,0.2,0.7199538382147355
1.0,0.2,0.7599545476008526
1.0,0.2,0.7999509911556362
1.0,0.2,0.8399342478209646
1.0,0.2,0.8799902873682046
1.0,0.2,0.9200161572171612
1.0,0.2,0.959993066801813
1.0,0.2,1.0000101819175187
1.0,0.2,1.0399831478505581
1.0,0.2,1.0799936446105913
1.0,0.2,1.1199603697949292
1.0,0.2,1.1599623343132486
1.0,0.2,1.1999940533762974
1.0,0.2,1.2399681220550465
1.0,0.2,1.2799592124492847
1.0,0.2,1.3199585984518551
1.0,0.2,1.359959031517121
1.0,0.2,1.3999888360251462
1.0,0.2,1.439960560278876
1.0,0.2,1.4799609408254573
1.0,0.1751255553309327,1.5149855488096753
1.0,0.13577207177459544,1.5421398639323345
1.0,0.09742290657564473,1.5616230495945702
1.0,0.06228739610340406,1.5740990014302483
1.0,0.0305752758456731,1.5802050603651097
1.0,0.002236784057425556,1.5806523899249556
1.0,-0.023210445403783142,1.5760105171722059
1.0,-0.04574820682054559,1.566852423656477
1.0,-0.06539858081189551,1.553782625337631
1.0,-0.08231938768612293,1.5373220069710056
1.0,-0.09682265471617674,1.5179379014691459
1.0,-0.1087622989833622,1.4962062907838403
1.0,-0.11859212063323804,1.4724873860893626
1.0,-0.12623638784017316,1.4472171439830455
1.0,-0.13208507751475398,1.4207960964926976
1.0,-0.1360495577317167,1.3936138192887977
1.0,-0.1384820394222473,1.3659179372632688
1.0,-0.1394446601570394,1.3380284036874934
1.0,-0.1390485336010078,1.3101949237403743
1.0,-0.13753204297834054,1.282712316810942
1.0,-0.13494275585320123,1.255725080320728
1.0,-0.1314938216352503,1.2294272206246462
1.0,-0.12727577963846892,1.2039716957419473
1.0,-0.12237407724712572,1.1794961460442352
1.0,-0.11699409979956926,1.1560985485701474
1.0,-0.11121801268031041,1.1338533767016379
1.0,-0.10495449427964376,1.1128625232198497
1.0,-0.0985515124496803,1.0931522867902927
1.0,-0.09196469512486224,1.074760286313662
1.0,-0.0852930443205778,1.057700677042365
1.0,-0.078588612378276,1.0419849182226624
1.0,-0.07193215101944173,1.027584747484724
1.0,-0.06537503773354073,1.0145219255886384
1.0,-0.0589515097198261,1.0027311710743663
1.0,-0.052714555665321336,0.992188772696211
1.0,-0.04669319731857291,0.9828501755394032
1.0,-0.04091244961290696,0.974667459336249
1.0,-0.03540207412523208,0.9675867052270485
1.0,-0.030179220220960853,0.9615512266950533
1.0,-0.025261315916467856,0.956494577756053
1.0,-0.020641443684735628,0.9523660075240952
1.0,-0.01635537044717136,0.9490978416441896
1.0,-0.012384163003889736,0.9466209966571314
1.0,-0.008725454790614203,0.9448760176195747
1.0,-0.005404910251597509,0.9437950031017386
1.0,-0.002381502753676771,0.9433179325111333
1.0,0.0003462131990439564,0.9433871295203842
1.0,0.0027661501069026276,0.9439403596717343
1.0,0.004897878043736006,0.9449191426079068
1.0,0.0067602775848031454,0.9462711420282847
1.0,0.00837927299822882,0.9479469011299437
1.0,0.009713380716608672,0.9498895314078473
1.0,0.010841401019723118,0.9520576983861202
1.0,0.011744350152292733,0.9544065801754841
1.0,0.012457280691820683,0.9568980279837244
1.0,0.012985005276326074,0.9594953423330375
1.0,0.01334565896896545,0.9621641597489952
1.0,0.013547009364080004,0.964873568727269
1.0,0.013604553958027297,0.9675946618003958
1.0,0.013546790362584547,0.9703038848605322
1.0,0.013371513535607473,0.9729781945834346
1.0,0.01310561578308134,0.9755992683676814
1.0,0.01274711264860747,0.9781488525789449
1.0,0.012320780166538,0.9806128123769503
1.0,0.0118335223816664,0.982979635920462
1.0,0.0112979322030893,0.9852395488248337
1.0,0.010719139398944188,0.9873830500914998
1.0,0.010110073825594269,0.9894052412969588
1.0,0.009480985596766248,0.9913012173477159
1.0,0.008834079174755927,0.9930681431224865
1.0,0.008183359834264759,0.9947063060973194
1.0,0.0075305780948416836,0.9962113412213088
1.0,0.006882496385555215,0.9975887663042511
1.0,0.006244454012323769,0.9988380057845166
1.0,0.005621549535946077,0.9999620237758748
1.0,0.005016817953588211,1.000965355314142
1.0,0.0044346216232898404,1.0018515048527519
1.0,0.003876435162547622,1.0026268530670344
1.0,0.003344506122410609,1.0032957018228974
1.0,0.0028407215806033103,1.003864393517649
1.0,0.0023664916766591142,1.0043372377729116
1.0,0.0019236446393795649,1.0047223350729513
1.0,0.0015107919104540056,1.0050244755173963
1.0,0.0011295076227025016,1.0052503711718739
1.0,0.0007799378301967309,1.0054062142902982
1.0,0.00046171639395458774,1.0054986402624895
1.0,0.00017307781386338792,1.005533261693117
1.0,-8.540892720783604e-05,1.0055161961737213
1.0,-0.0003165366555205368,1.005452887544505
1.0,-0.0005180119471330201,1.0053491616268488
1.0,-0.0006943701465875491,1.0052103468314808
1.0,-0.0008454492274583086,1.005041190427165
1.0,-0.0009731053367219623,1.0048465080639284
1.0,-0.0010784296908918256,1.004630943690672
1.0,-0.0011630636581674203,1.0043985507990187
1.0,-0.0012281820955585025,1.004152927205826
1.0,-0.0012760362372794425,1.003897712291957
1.0,-0.001307735039197878,1.0036362550169844
1.0,-0.0013238425073013554,1.0033711623012094
1.0,-0.0013278090247430816,1.003105843878353
1.0,-0.0013192453353477217,1.002841984369465
1.0,-0.0013002804883562363,1.0025817105814419
1.0,-0.0012722094287858125,1.0023272525589861
1.0,-0.0012357613526197972,1.002080333281384
1.0,-0.0011928483075239575,1.0018417635626262
1.0,-0.0011440890353548207,1.0016129541566041
1.0,-0.0010908087938426424,1.0013947822031388
1.0,-0.0010336255097889186,1.00118806592421
1.0,-0.0009737457101473713,1.0009933144140322
1.0,-0.0009118437017324196,1.0008109425861837
1.0,-0.0008486969217775273,1.000641208018184
1.0,-0.0007849824971650542,1.0004842038078683
1.0,-0.0007213371217739159,1.0003399258584837
1.0,-0.000658267049772121,1.0002082819907685
1.0,-0.0005963214218357297,1.0000890146919967
1.0,-0.0005358653117329291,0.9999818226953853
1.0,-0.0004772874454519256,0.9998863055553873
1.0,-0.0004208615349868314,0.9998021871119326
1.0,-0.00036690045299500726,0.9997288251109935
1.0,-0.0003155585014279405,0.9996656514022001
1.0,-0.00026701652517172807,0.9996122484664496
1.0,-0.0002213298548381218,0.9995679839095584
1.0,-0.00017877425426142556,0.999532228879753
1.0,-0.00013920366519807595,0.9995043862151234
1.0,-0.00010271056962027542,0.9994838649601754
1.0,-6.905150252811356e-05,0.9994700581959354
1.0,-3.884109675772793e-05,0.999462281056959
1.0,-1.1300131837696471e-05,0.999460022988701
1.0,1.3301479896153374e-05,0.9994626834089958
1.0,3.519492859726755e-05,0.9994697226984827
1.0,5.4366723666448164e-05,0.9994805889814679
1.0,7.101128823539419e-05,0.9994947988611825
1.0,8.532979679274426e-05,0.9995118662283974
1.0,9.725794753651546e-05,0.9995313347266851
1.0,0.0001071230942318602,0.9995527412936832
1.0,0.00011495332922714644,0.9995757297450677
1.0,0.0001209929389393155,0.9995999278482788
1.0,0.000125308343085841,0.9996249895227854
1.0,0.00012805416390019577,0.9996506251829629
1.0,0.00012939764970648334,0.9996765142211729
1.0,0.00012948822162916492,0.9997023779737695
1.0,0.00012841665559827043,0.9997280959387327
1.0,0.00012640051199294656,0.9997533412699936
1.0,0.00012345089087959814,0.9997780354568668
1.0,0.000119778500966087,0.9998019929333752
