0,0,0
0,0,0.0
0,0,0.0
0,0.0,0.0
0,0.0,0.0
0,0.0,0.0
0,0.0,0.0
0,0.0,0.0
0,0.0,0.0
0,0.0,0.0
0,0.0,0.0
0,0.0,0.0
0,0.0,0.0
0,0.0,0.0
0,0.0,0.0
0,0.0,0.0
0,0.0,0.0
0,0.0,0.0
0,0.0,0.0
0,0,0.0
0,0,0.0
0,0,0.0
0,0,0.0
0,0,0.0
0,0,0.0
0,0,0.0
0,0,0.0
0,0,0.0
0,0,0.0
0,0,0.0
0,0,0.0
0,0,0.0
0,0,0.0
0,0,0.0
0,0,0.0
0,0,0.0
0,0,0.0
0,0,0.0
0,0,0.0
0,0,0.0
0,0,0.0
0,0,0.0
0,0,0.0
0,0,0.0
0,0,0.0
0,0,0.0
0,0,0.0
0,0,0.0
0,0,0.0
0,0,0.0
0,0,0.0
0,0,0.0
0,0,0.0
0,0,0.0
0,0,0.0
0,0,0.0
0,0,0.0
0,0,0.0
0,0,0.0
0,0,0.0
0,0,0.0
0,0,0.0
0,0,0.0
0,0,0.0
0,0,0.0
0,0,0.0
0,0,0.0
0,0,0.0
0,0,0.0
0,0,0.0
0,0,0.0
0,0,0.0
0,0,0.0
0,0,0.0
0,0,0.0
0,0,0.0
0,0,0.0
0,0,0.0
0,0,0.0
0,0,0.0
0,0,0.0
0,0,0.0
0,0,0.0
0,0,0.0
0,0,0.0
0,0,0.0
0,0,0.0
0,0,0.0
0,0,0.0
0,0,0.0
0,0,0.0
0,0,0.0
0,0,0.0
0,0,0.0
0,0,0.0
0,0,0.0
0,0,0.0
0,0,0.0
0,0,0.0
0,0,0.0
0,0,0.0
0,0,0.0
0,0,0.0
0,0,0.0
0,0,0.0
0,0,0.0
0,0,0.0
0,0,0.0
0,0,0.0
0,0,0.0
0,0,0.0
0,0,0.0
0,0,0.0
0,0,0.0
0,0,0.0
0,0,0.0
0,0,0.0
0,0,0.0
0,0,0.0
0,0,0.0
0,0,0.0
0,0,0.0
0,0,0.0
0,0,0.0
0,0,0.0
0,0,0.0
0,0,0.0
0,0,0.0
0,0,0.0
0,0,0.0
0,0,0.0
0,0,0.0
0,0,0.0
0,0,0.0
1.0,-0.0056278259994522566,0.0
1.0,0.15068664785382319,0.0
1.0,0.2,0.039950975822777776
1.0,0.2,0.07995859234564373
1.0,0.2,0.11993728588888253
1.0,0.2,0.15987492362318945
1.0,0.2,0.19988713490555016
1.0,0.2,0.2398642258514985
1.0,0.2,0.27984490483752966
1.0,0.2,0.31982851394647643
1.0,0.2,0.35980653039376004
1.0,0.2,0.3997773405473597
1.0,0.2,0.43975543815474805
1.0,0.2,0.4797346320980643
1.0,0.2,0.5197097795833332
1.0,0.2,0.5596605816825462
1.0,0.2,0.5996392261894137
1.0,0.2,0.6396486706722981
1.0,0.2,0.679651696264667
1.0,0.2,0.7195665227006481
1.0,0.2,0.7596196709017994
1.0,0.18351606731988573,0.7962741503427218
1.0,0.16440746345903878,0.8291545846273297
1.0,0.1467611516178821,0.8584491595389366
1.0,0.13110427674334343,0.884679350390144
1.0,0.11718502526060648,0.9081055833159475
1.0,0.10470042388217228,0.9290308645357436
1.0,0.09350318568769883,0.9477159735908008
1.0,0.08348530212424565,0.964395716306353
1.0,0.07452204956265535,0.9792979584792785
1.0,0.06649626335127867,0.9926001956795465
1.0,0.059305701702003104,1.0044536868953728
1.0,0.052866597309157756,1.015013402338885
1.0,0.047106672836286674,1.0244377065584958
1.0,0.04195209232673362,1.0328176471634964
1.0,0.03733572516419703,1.040286449705158
1.0,0.033202315633966036,1.046928120699185
1.0,0.029502470715371036,1.052822076540979
1.0,0.026189971247666338,1.0580576451885673
1.0,0.023226903501943483,1.0627007768809562
1.0,0.02057526511032155,1.066814628613241
1.0,0.018200841333183684,1.0704491162359562
1.0,0.016076713879853467,1.0736647332922402
1.0,0.01417565183697779,1.0764994274486719
1.0,0.012473662240960255,1.0789921924907169
1.0,0.010950380453386165,1.0811818755778744
1.0,0.009588355516776982,1.0830972745913763
1.0,0.00836893880966949,1.0847701366979134
1.0,0.007278740269535788,1.0862256316661405
1.0,0.006303328003855274,1.0874873432170005
1.0,0.0054303277630817146,1.0885712327201018
1.0,0.004649371065372096,1.0895006955051563
1.0,0.003952107267881352,1.0902914822506462
1.0,0.0033283402933125955,1.090956232595308
1.0,0.0027704819969007963,1.0915102564659585
1.0,0.002270811111651394,1.0919644826997696
1.0,0.0018260908611199556,1.0923292710846055
1.0,0.001427228329953227,1.0926148165827108
1.0,0.0010715141789945995,1.0928290054286003
1.0,0.0007541082221883821,1.0929796379554275
1.0,0.0004723582686568528,1.0930740770495213
1.0,0.00021785974198561958,1.0931176294150953
1.0,-6.6075571771573305e-06,1.093116307277131
1.0,-0.00020804640591271656,1.0931149862398184
1.0,-0.0003931830489971658,1.0931136653615106
1.0,-0.0005760485861709477,1.0931136653615106
1.0,-0.0007618345669689539,1.0931136653615106
1.0,-0.0009481448176954094,1.0931136653615106
1.0,-0.0011349179640033485,1.0931136653615106
1.0,-0.00132125153024501,1.0931136653615106
1.0,-0.0015066921427561025,1.0931136653615106
1.0,-0.0016933807536381462,1.0931136653615106
1.0,-0.0018799098347713553,1.0931136653615106
1.0,-0.0020658715508976647,1.0931136653615106
1.0,-0.0022522968030820323,1.0931136653615106
1.0,-0.0024389631330890907,1.0931136653615106
1.0,-0.0026244928203170564,1.0931136653615106
1.0,-0.00281030554497258,1.0931136653615106
1.0,-0.002997108027258194,1.0931136653615106
1.0,-0.0031833866090741694,1.0931136653615106
1.0,-0.003369500784306631,1.0931136653615106
1.0,-0.003555711174124662,1.0931136653615106
1.0,-0.0037429337024591156,1.0931136653615106
1.0,-0.003927943555533206,1.0931136653615106
1.0,-0.004114448978651757,1.0931136653615106
1.0,-0.004300050645087185,1.0931136653615106
1.0,-0.004488934963999575,1.0931136653615106
1.0,-0.004673632932573835,1.0931136653615106
1.0,-0.004859409368754154,1.0931136653615106
1.0,-0.0050454064265878715,1.0931136653615106
1.0,-0.00523189261516261,1.0931136653615106
1.0,-0.005418041360745723,1.0931136653615106
1.0,-0.005604373309327504,1.0931136653615106
1.0,-0.005790496931912269,1.0931136653615106
1.0,-0.00597663941746341,1.0931136653615106
1.0,-0.006163010768954924,1.0931136653615106
1.0,-0.006349355962024419,1.0931136653615106
1.0,-0.006535567785597614,1.0931136653615106
1.0,-0.006720128607976869,1.0931136653615106
1.0,-0.0069080451500175485,1.0931136653615106
1.0,-0.0070938290939511275,1.0931136653615106
1.0,-0.007280495612037287,1.0931136653615106
1.0,-0.007466052801848429,1.0931136653615106
1.0,-0.00765241466040175,1.0931136653615106
1.0,-0.007838596972529845,1.0931136653615106
1.0,-0.008025404067110012,1.0931136653615106
1.0,-0.008211158357134582,1.0931136653615106
1.0,-0.008397755341659992,1.0931136653615106
1.0,-0.008583746579891076,1.0931136653615106
1.0,-0.008769989833050877,1.0931136653615106
1.0,-0.008956376388141667,1.0931136653615106
1.0,-0.009145594134063018,1.0931136653615106
1.0,-0.009328889213969911,1.0931136653615106
1.0,-0.009514069556948015,1.0931136653615106
1.0,-0.009700471223455555,1.0931136653615106
1.0,-0.009887450673292573,1.0931136653615106
1.0,-0.010073594816266969,1.0931136653615106
1.0,-0.010260047871275282,1.0931136653615106
1.0,-0.010446037637379314,1.0931136653615106
1.0,-0.010632306089890367,1.0931136653615106
1.0,-0.010818637585939692,1.0931136653615106
1.0,-0.011004398431166303,1.0931136653615106
1.0,-0.0111906955757222,1.0931136653615106
1.0,-0.01137732157819029,1.0931136653615106
1.0,-0.011563623732261386,1.0931136653615106
1.0,-0.011750345308457866,1.0931136653615106
1.0,-0.011936081939475804,1.0931136653615106
1.0,-0.012121682982098779,1.0931136653615106
1.0,-0.012307679166527773,1.0931136653615106
1.0,-0.012494715830056478,1.0931136653615106
1.0,-0.012680403163906555,1.0931136653615106
1.0,-0.012866547433515528,1.0931136653615106
1.0,-0.013053304650829704,1.0931136653615106
1.0,-0.013239619913442614,1.0931136653615106
1.0,-0.013424952955382811,1.0931136653615106
1.0,-0.013611983939909068,1.0931136653615106
1.0,-0.01380130238081042,1.0931136653615106
1.0,-0.013984474724801584,1.0931136653615106
1.0,-0.01417022932489466,1.0931136653615106
1.0,-0.014356938810281696,1.0931136653615106
1.0,-0.014543234698734246,1.0931136653615106
1.0,-0.014729619593608384,1.0931136653615106
1.0,-0.014915769564567083,1.0931136653615106
1.0,-0.015101329043112122,1.0931136653615106
1.0,-0.015287808142943775,1.0931136653615106
1.0,-0.015474428761579728,1.0931136653615106
1.0,-0.015659952804788276,1.0931136653615106
1.0,-0.015847110169699113,1.0931136653615106
1.0,-0.01603262398809607,1.0931136653615106
1.0,-0.01621954863960989,1.0931136653615106
1.0,-0.01640549728206362,1.0931136653615106
1.0,-0.016591168197181087,1.0931136653615106
1.0,-0.016777047962525413,1.0931136653615106
1.0,-0.01696391437702837,1.0931136653615106
1.0,-0.017149827718229288,1.0931136653615106
1.0,-0.01733674483405417,1.0931136653615106
1.0,-0.017522864930424476,1.0931136653615106
1.0,-0.01770845975305461,1.0931136653615106
1.0,-0.0178951348431848,1.0931136653615106
1.0,-0.018081672163266862,1.0931136653615106
1.0,-0.01826739892330513,1.0931136653615106
1.0,-0.01845668343172455,1.0931136653615106
1.0,-0.01864013570146562,1.0931136653615106
1.0,-0.01882667608591841,1.0931136653615106
1.0,-0.019012147099032258,1.0931136653615106
0,0,1.0931136653615106
0,0,1.0931136653615106
0,0,1.0904233253343782
0,0,1.0877374897101584
0,0,1.085052228797608
0,0,1.0823762374941432
0,0,1.079700507834124
0,0,1.0770342554503043
0,0,1.0743722039657488
0,0,1.0717102085505403
0,0,1.0690649946359996
0,0,1.0664183242058312
0,0,1.063780850416929
0,0,1.0611495044849326
0,0,1.058525350945952
0,0,1.0559081801920156
0,0,1.0532987603244164
0,0,1.05069640795749
0,0,1.048100916037793
0,0,1.0455078918339038
0,0,1.0429273606385439
0,0,1.0403548969673797
0,0,1.038039144800321
0,0,1.0359731744549543
0,0,1.034135520349279
0,0,1.0324953997784074
0,0,1.031034582921923
0,0,1.02973640919194
0,0,1.0285786791511387
0,0,1.0275470178687254
0,0,1.0266306143856354
0,0,1.0258137323683956
0,0,1.0250886798439947
0,0,1.0244441554382406
0,0,1.0238728185605976
0,0,1.0233634886610306
0,0,1.022913742324423
0,0,1.0225140618961723
0,0,1.0221609356922534
0,0,1.0218483101458058
0,0,1.0215721344958333
0,0,1.0213282799337045
0,0,1.0211138917259042
0,0,1.0209250750237313
0,0,1.0207595101916564
0,0,1.0206146800816174
0,0,1.0204881402785397
0,0,1.0203779532281374
0,0,1.0202824468430278
0,0,1.0201998571632556
0,0,1.0201290625136386
0,0,1.0200685527360347
0,0,1.020017223991734
0,0,1.0199742096745323
0,0,1.0199384609091833
0,0,1.0199092587427612
0,0,1.0198858607627472
0,0,1.0198676326889229
0,0,1.0198539522389023
0,0,1.0198444045671426
0,0,1.0198384547646906
0,0,1.0198357318051596
0,0,1.0198358575719422
0,0,1.019838521552273
0,0,1.0198411786271464
0,0,1.01984382557723
0,0,1.01984382557723
0,0,1.01984382557723
0,0,1.01984382557723
0,0,1.01984382557723
0,0,1.01984382557723
0,0,1.01984382557723
0,0,1.01984382557723
0,0,1.01984382557723
0,0,1.01984382557723
0,0,1.01984382557723
0,0,1.01984382557723
0,0,1.01984382557723
0,0,1.01984382557723
0,0,1.01984382557723
0,0,1.01984382557723
0,0,1.01984382557723
0,0,1.01984382557723
0,0,1.01984382557723
0,0,1.01984382557723
0,0,1.01984382557723
0,0,1.01984382557723
0,0,1.01984382557723
0,0,1.01984382557723
0,0,1.01984382557723
0,0,1.01984382557723
0,0,1.01984382557723
0,0,1.01984382557723
0,0,1.01984382557723
0,0,1.01984382557723
0,0,1.01984382557723
0,0,1.01984382557723
0,0,1.01984382557723
0,0,1.01984382557723
0,0,1.01984382557723
0,0,1.01984382557723
0,0,1.01984382557723
0,0,1.01984382557723
0,0,1.01984382557723
0,0,1.01984382557723
0,0,1.01984382557723
0,0,1.01984382557723
0,0,1.01984382557723
0,0,1.01984382557723
0,0,1.01984382557723
0,0,1.01984382557723
0,0,1.01984382557723
0,0,1.01984382557723
0,0,1.01984382557723
0.0,-0.01089591342764483,1.01984382557723
0.0,0.15471919586167432,1.01984382557723
0.0,0.2,0.9799212356299807
0.0,0.2,0.9400876362439218
0.0,0.2,0.900258457440592
0.0,0.2,0.8603443490685212
0.0,0.2,0.8204930707985203
0.0,0.2,0.7806526001896216
0.0,0.2,0.7407922553050129
0.0,0.2,0.7008853018276202
0.0,0.2,0.6610524359040623
0.0,0.2,0.6211293881876523
0.0,0.2,0.5812784028604678
0.0,0.2,0.5414408214008936
0.0,0.2,0.501538258828658
0.0,0.2,0.46166771539197027
0.0,0.2,0.42179420381118016
0.0,0.2,0.38191890796460237
0.0,0.2,0.34204733884244226
0.0,0.2,0.3021704148338291
0.0,0.2,0.2622996857572153
0.0,0.2,0.2224215560582997
0.0,0.19346549624092352,0.18381049280124193
0.0,0.17408031234559085,0.1491193178388498
0.0,0.15556971596172708,0.11812302366603988
0.0,0.13884020633542637,0.09039224125236808
0.0,0.12402871438862134,0.0656932027683545
0.0,0.11079270027035061,0.043603763155022915
0.0,0.09892211525185078,0.023879968065778696
0.0,0.08828816468246292,0.006286657755413722
0.0,0.07876410138990117,-0.009431496232285463
0.0,0.0702347488732288,-0.023437270781462946
0.0,0.06259291684471052,-0.03591870102657907
0.0,0.055749299398319775,-0.0470366250319711
0.0,0.049623481260504435,-0.056923056778603015
0.0,0.04413860282293301,-0.06573391954375242
0.0,0.039228937001944866,-0.07355035234234532
0.0,0.03483063775786236,-0.08050270376046333
0.0,0.03089139006922475,-0.08665913393820626
0.0,0.027365455786206506,-0.09211880914125165
0.0,0.024208380537356453,-0.09694487962123313
0.0,0.02138267509717961,-0.10121457807852463
0.0,0.018851266898543086,-0.10497288574082113
0.0,0.016584353462870564,-0.10828070390336783
0.0,0.014557995917677105,-0.11118437514803174
0.0,0.01274282939179388,-0.11372412993989364
0.0,0.011120817215295599,-0.11594158269492634
0.0,0.009670074765991049,-0.11787103878577732
0.0,0.008366708172042644,-0.11954127168878906
0.0,0.007204253450851739,-0.12097822412555036
0.0,0.00616186092472993,-0.1222063344509247
0.0,0.005231146962204933,-0.12324981125588359
0.0,0.0043984352313357,-0.12412733738095794
0.0,0.0036538629461675687,-0.12485688283240408
0.0,0.0029883545093687333,-0.12545331816547267
0.0,0.0023929319539258836,-0.1259305097421673
0.0,0.0018611373321725244,-0.12630143702215008
0.0,0.0013854886771291625,-0.12657804441661696
0.0,0.0009606595720179356,-0.12676970961936113
0.0,0.0005830808655437059,-0.1268860607176179
0.0,0.0002450883940041254,-0.12693494407979788
0.0,-5.6778676078617085e-05,-0.12692361747479314
0.0,-0.00032609695579755016,-0.12685855662145493
0.0,-0.0005656126512453841,-0.12674570006519828
0.0,-0.0007788887247388576,-0.12663286316451355
0.0,-0.0009755943027486419,-0.12652000260736315
0.0,-0.00116953338554341,-0.12652000260736315
0.0,-0.0013822882991177399,-0.12652000260736315
0.0,-0.001628628954288086,-0.12652000260736315
0.0,-0.001888297619005913,-0.12652000260736315
0.0,-0.0021429825394783733,-0.12652000260736315
0.0,-0.0023954877125626564,-0.12652000260736315
0.0,-0.0026519237514855826,-0.12652000260736315
0.0,-0.0029015735904685883,-0.12652000260736315
0.0,-0.0031544509095059042,-0.12652000260736315
0.0,-0.003407064930318851,-0.12652000260736315
0.0,-0.0036604989393384385,-0.12652000260736315
0.0,-0.003913631937410886,-0.12652000260736315
0.0,-0.004166339251335083,-0.12652000260736315
0.0,-0.004419421497210252,-0.12652000260736315
0.0,-0.004672156503844033,-0.12652000260736315
0.0,-0.004925698102989831,-0.12652000260736315
0.0,-0.005178739660671991,-0.12652000260736315
0.0,-0.005430834552951715,-0.12652000260736315
0.0,-0.005684346574203011,-0.12652000260736315
0.0,-0.005938204395950879,-0.12652000260736315
0.0,-0.006191182987913178,-0.12652000260736315
0.0,-0.006443525353357744,-0.12652000260736315
0.0,-0.006697889774879472,-0.12652000260736315
0.0,-0.0069490973708050754,-0.12652000260736315
0.0,-0.007203265401818058,-0.12652000260736315
0.0,-0.007455382791517716,-0.12652000260736315
0.0,-0.007709123902261944,-0.12652000260736315
0.0,-0.007962472474585092,-0.12652000260736315
0.0,-0.00821484477554757,-0.12652000260736315
0.0,-0.008467680146044113,-0.12652000260736315
0.0,-0.008720802346243603,-0.12652000260736315
0.0,-0.008975488780291203,-0.12652000260736315
0.0,-0.009227223726618244,-0.12652000260736315
0.0,-0.009480157560042377,-0.12652000260736315
0.0,-0.009733015361270948,-0.12652000260736315
0.0,-0.009986447739174162,-0.12652000260736315
0.0,-0.010239678503657618,-0.12652000260736315
0.0,-0.010492531256738082,-0.12652000260736315
0.0,-0.010744141961687756,-0.12652000260736315
0.0,-0.010999155381621148,-0.12652000260736315
0.0,-0.011251773612163986,-0.12652000260736315
0.0,-0.011504713127601443,-0.12652000260736315
0.0,-0.01175771905212307,-0.12652000260736315
0.0,-0.012011400736426224,-0.12652000260736315
0.0,-0.012263971453647278,-0.12652000260736315
0.0,-0.012516866459347811,-0.12652000260736315
0.0,-0.012770017254333223,-0.12652000260736315
0.0,-0.013022948879983315,-0.12652000260736315
0.0,-0.013276006124813604,-0.12652000260736315
0.0,-0.013528855217670388,-0.12652000260736315
0.0,-0.013782396138349036,-0.12652000260736315
0.0,-0.014034352312491824,-0.12652000260736315
0.0,-0.014287927470748377,-0.12652000260736315
0.0,-0.014540738999816394,-0.12652000260736315
0.0,-0.014793796633063086,-0.12652000260736315
0.0,-0.015047250782528339,-0.12652000260736315
0.0,-0.015304134327515477,-0.12652000260736315
0.0,-0.015553580365049738,-0.12652000260736315
0.0,-0.015806125159587466,-0.12652000260736315
0.0,-0.016059065535360934,-0.12652000260736315
0.0,-0.01631204611666083,-0.12652000260736315
0.0,-0.016564369899731993,-0.12652000260736315
0.0,-0.01681816068096819,-0.12652000260736315
0.0,-0.017070450378285452,-0.12652000260736315
0.0,-0.01732434124823052,-0.12652000260736315
0.0,-0.017577403280577705,-0.12652000260736315
0.0,-0.017830684656857804,-0.12652000260736315
0.0,-0.018084391149203072,-0.12652000260736315
0.0,-0.018336851132322245,-0.12652000260736315
0.0,-0.018589688657455194,-0.12652000260736315
0.0,-0.018842411499796985,-0.12652000260736315
0.0,-0.01909544508159118,-0.12652000260736315
0.0,-0.019349496686343157,-0.12652000260736315
0.0,-0.01960193009646618,-0.12652000260736315
0.0,-0.019855305702313822,-0.12652000260736315
0.0,-0.020107069826683845,-0.12652000260736315
0.0,-0.020360574481668954,-0.12652000260736315
0.0,-0.02061371403029133,-0.12652000260736315
0.0,-0.02086740743287712,-0.12652000260736315
0.0,-0.021120318090367185,-0.12652000260736315
0.0,-0.021372399275128948,-0.12652000260736315
0.0,-0.02163059413288751,-0.12652000260736315
0.0,-0.021879059340549158,-0.12652000260736315
0.0,-0.022131607558718153,-0.12652000260736315
0.0,-0.022385075309083693,-0.12652000260736315
0.0,-0.022637919826977188,-0.12652000260736315
0.0,-0.022891233889699963,-0.12652000260736315
0.0,-0.023144759945543505,-0.12652000260736315
0.0,-0.023397072068531234,-0.12652000260736315
0.0,-0.023650579997854006,-0.12652000260736315
0.0,-0.023903367761404733,-0.12652000260736315
0.0,-0.024156644285642737,-0.12652000260736315
0.0,-0.024409388556677368,-0.12652000260736315
0.0,-0.02466231916510664,-0.12652000260736315
0.0,-0.024916089356477614,-0.12652000260736315
0.0,-0.025168771156995756,-0.12652000260736315
0.0,-0.025421648939528342,-0.12652000260736315
0.0,-0.025674782370908596,-0.12652000260736315
0.0,-0.02592737295303526,-0.12652000260736315
0.0,-0.026180591327414862,-0.12652000260736315
0.0,-0.02643417775986885,-0.12652000260736315
0.0,-0.02668703889489949,-0.12652000260736315
0.0,-0.026940078988678222,-0.12652000260736315
0.0,-0.02719284886862658,-0.12652000260736315
0.0,-0.027446157162037237,-0.12652000260736315
0.0,-0.0276989417815659,-0.12652000260736315
0.0,-0.027953603046989232,-0.12652000260736315
0.0,-0.028204976429513612,-0.12652000260736315
0.0,-0.028458236373305273,-0.12652000260736315
0.0,-0.028711163950315283,-0.12652000260736315
0.0,-0.028963466457782812,-0.12652000260736315
0.0,-0.029217588531645834,-0.12652000260736315
0.0,-0.029469808998482873,-0.12652000260736315
0.0,-0.029723731006265776,-0.12652000260736315
0.0,-0.029976359209115212,-0.12652000260736315
0.0,-0.030229587010500214,-0.12652000260736315
0.0,-0.030482197778893293,-0.12652000260736315
0.0,-0.030735664422208812,-0.12652000260736315
0.0,-0.030988800903986327,-0.12652000260736315
0.0,-0.03124153636669838,-0.12652000260736315
0.0,-0.03149481150933795,-0.12652000260736315
0.0,-0.03174782155588126,-0.12652000260736315
0.0,-0.03200084800447771,-0.12652000260736315
0.0,-0.03225388743529162,-0.12652000260736315
0.0,-0.032506200364211764,-0.12652000260736315
0.0,-0.03275998275843699,-0.12652000260736315
0.0,-0.03301196061684303,-0.12652000260736315
0.0,-0.03326488262444252,-0.12652000260736315
0.0,-0.033519115181897825,-0.12652000260736315
0.0,-0.03377213181633767,-0.12652000260736315
0.0,-0.03402502446370535,-0.12652000260736315
0.0,-0.03427925745891987,-0.12652000260736315
0.0,-0.034530349157310444,-0.12652000260736315
0.0,-0.034784017044607304,-0.12652000260736315
0.0,-0.03503598665896998,-0.12652000260736315
0.0,-0.03528924047792831,-0.12652000260736315
0.0,-0.03554231619973977,-0.12652000260736315
0.0,-0.03579599509680727,-0.12652000260736315
0.0,-0.03604937092153451,-0.12652000260736315
0.0,-0.03630220160193533,-0.12652000260736315
0.0,-0.036555111606582175,-0.12652000260736315
0.0,-0.036808318875035946,-0.12652000260736315
0.0,-0.03706176038388774,-0.12652000260736315
0.0,-0.03731375067921004,-0.12652000260736315
0.0,-0.037567719052778295,-0.12652000260736315
0.0,-0.037820954826188656,-0.12652000260736315
0.0,-0.03807291002739263,-0.12652000260736315
0.0,-0.038326562434967175,-0.12652000260736315
0.0,-0.0385800393314637,-0.12652000260736315
0.0,-0.03883269738038175,-0.12652000260736315
0.0,-0.039085224839148724,-0.12652000260736315
0.0,-0.03933941777306961,-0.12652000260736315
0.0,-0.039591236905806376,-0.12652000260736315
0.0,-0.039844357410637965,-0.12652000260736315
0.0,-0.0400980967716147,-0.12652000260736315
0.0,-0.04035094760412152,-0.12652000260736315
0.0,-0.040605610941942503,-0.12652000260736315
0.0,-0.040857473245834566,-0.12652000260736315
0.0,-0.041109968463509255,-0.12652000260736315
0.0,-0.04136277197500471,-0.12652000260736315
0.0,-0.041617498460224195,-0.12652000260736315
0.0,-0.041869370482117654,-0.12652000260736315
0.0,-0.04212191032719287,-0.12652000260736315
0.0,-0.04237576463791798,-0.12652000260736315
0.0,-0.04262812386303748,-0.12652000260736315
0.0,-0.04288167892865241,-0.12652000260736315
0.0,-0.04313414694705695,-0.12652000260736315
0.0,-0.04338718348562361,-0.12652000260736315
0.0,-0.04364056628286819,-0.12652000260736315
0.0,-0.04389274348872074,-0.12652000260736315
0.0,-0.04414622937699386,-0.12652000260736315
0.0,-0.04439912481539281,-0.12652000260736315
0.0,-0.04465297776223229,-0.12652000260736315
0.0,-0.04490537868201864,-0.12652000260736315
0.0,-0.04515904112136419,-0.12652000260736315
0.0,-0.04541289815986056,-0.12652000260736315
0.0,-0.04566468417472144,-0.12652000260736315
0.0,-0.04591776372755858,-0.12652000260736315
0.0,-0.04617054193252311,-0.12652000260736315
0.0,-0.046423818394766315,-0.12652000260736315
0.0,-0.04667684038353267,-0.12652000260736315
0.0,-0.046932091194212155,-0.12652000260736315
0.0,-0.047183574983151615,-0.12652000260736315
0.0,-0.04743540645032343,-0.12652000260736315
0.0,-0.0476893897355392,-0.12652000260736315
0.0,-0.04794230501100936,-0.12652000260736315
0.0,-0.048195239452994705,-0.12652000260736315
0.0,-0.048447372757671546,-0.12652000260736315
0.0,-0.04870068026665819,-0.12652000260736315
0.0,-0.04895446240531301,-0.12652000260736315
0.0,-0.049207501814618526,-0.12652000260736315
0.0,-0.049460304813707966,-0.12652000260736315
0.0,-0.04971384298384176,-0.12652000260736315
0.0,-0.049965442876392006,-0.12652000260736315
0.0,-0.050220450198061276,-0.12652000260736315
0.0,-0.0504726846883754,-0.12652000260736315
0.0,-0.05072526628505148,-0.12652000260736315
0.0,-0.050979260776143884,-0.12652000260736315
0.0,-0.05123149758430445,-0.12652000260736315
0.0,-0.05148436906867131,-0.12652000260736315
0.0,-0.05173863585105251,-0.12652000260736315
0.0,-0.051989716260063254,-0.12652000260736315
0.0,-0.05224378724767963,-0.12652000260736315
0.0,-0.0524967565977989,-0.12652000260736315
0.0,-0.05274974634420779,-0.12652000260736315
0.0,-0.053002811080287426,-0.12652000260736315
0.0,-0.05325953918532976,-0.12652000260736315
0.0,-0.05350915464832991,-0.12652000260736315
0.0,-0.05376168226145128,-0.12652000260736315
0.0,-0.054015065695091485,-0.12652000260736315
0.0,-0.05426827165026763,-0.12652000260736315
0.0,-0.0545204305132502,-0.12652000260736315
0.0,-0.05477336106727587,-0.12652000260736315
0.0,-0.05502738733639732,-0.12652000260736315
0.0,-0.05527963661689975,-0.12652000260736315
0.0,-0.05553338592614429,-0.12652000260736315
0.0,-0.05578559909024678,-0.12652000260736315
0.0,-0.056039202508011116,-0.12652000260736315
0.0,-0.05629259065072582,-0.12652000260736315
0.0,-0.056544564199860564,-0.12652000260736315
0.0,-0.0567975900829126,-0.12652000260736315
0.0,-0.05705170309794344,-0.12652000260736315
0.0,-0.057304225298539097,-0.12652000260736315
0.0,-0.05755823321719937,-0.12652000260736315
0.0,-0.05781042322940658,-0.12652000260736315
0.0,-0.058063606887962665,-0.12652000260736315
0.0,-0.05831604239325693,-0.12652000260736315
0.0,-0.058569063226895667,-0.12652000260736315
0.0,-0.0588239814696267,-0.12652000260736315
0.0,-0.05907667006553419,-0.12652000260736315
0.0,-0.05932932476167217,-0.12652000260736315
0.0,-0.05958294386159083,-0.12652000260736315
0.0,-0.059834986622227804,-0.12652000260736315
0.0,-0.06008818483944059,-0.12652000260736315
0.0,-0.060340186300153115,-0.12652000260736315
0.0,-0.06059394976572075,-0.12652000260736315
0.0,-0.060847295057375766,-0.12652000260736315
0.0,-0.06110053056382893,-0.12652000260736315
0.0,-0.061352920642116254,-0.12652000260736315
0.0,-0.06160621519292423,-0.12652000260736315
0.0,-0.061859436778381495,-0.12652000260736315
0.0,-0.06211247852704186,-0.12652000260736315
0.0,-0.06236552051609023,-0.12652000260736315
0.0,-0.06261866060495301,-0.12652000260736315
0.0,-0.06287155501980514,-0.12652000260736315
0.0,-0.06312417719144606,-0.12652000260736315
0.0,-0.06337732554079982,-0.12652000260736315
0.0,-0.06363073646217579,-0.12652000260736315
0.0,-0.06388388135247268,-0.12652000260736315
0.0,-0.06413679390270198,-0.12652000260736315
0.0,-0.06438941321752123,-0.12652000260736315
0.0,-0.06464267277036609,-0.12652000260736315
0.0,-0.06489612815593176,-0.12652000260736315
0.0,-0.06514900968472163,-0.12652000260736315
0.0,-0.06540180192328485,-0.12652000260736315
0.0,-0.06565395221959804,-0.12652000260736315
0.0,-0.06590806401624126,-0.12652000260736315
0.0,-0.06616121925460916,-0.12652000260736315
0.0,-0.06641411734739776,-0.12652000260736315
0.0,-0.0666671045127986,-0.12652000260736315
0.0,-0.06691977061851041,-0.12652000260736315
0.0,-0.06717258110378842,-0.12652000260736315
0.0,-0.06742559652110583,-0.12652000260736315
0.0,-0.06767985683831491,-0.12652000260736315
0.0,-0.06793257234249654,-0.12652000260736315
0.0,-0.06818451171478299,-0.12652000260736315
0.0,-0.06843837809551635,-0.12652000260736315
0.0,-0.0686909242045969,-0.12652000260736315
0.0,-0.06894491530368803,-0.12652000260736315
0.0,-0.0691966814321349,-0.12652000260736315
0.0,-0.06945010238781227,-0.12652000260736315
0.0,-0.06970260543201434,-0.12652000260736315
0.0,-0.06995717412275176,-0.12652000260736315
0.0,-0.07020991907572921,-0.12652000260736315
0.0,-0.07046287085222012,-0.12652000260736315
0.0,-0.07071537432532499,-0.12652000260736315
0.0,-0.07097714596934766,-0.12652000260736315
0.0,-0.07122274888209512,-0.12652000260736315
0.0,-0.07147355739329425,-0.12652000260736315
0.0,-0.07172751335904586,-0.12652000260736315
0.0,-0.07198032543847589,-0.12652000260736315
0.0,-0.07223429798087823,-0.12652000260736315
0.0,-0.07248692969212735,-0.12652000260736315
0.0,-0.07273860162643228,-0.12652000260736315
0.0,-0.07299300713167034,-0.12652000260736315
0.0,-0.07324590977664865,-0.12652000260736315
0.0,-0.0734989663205581,-0.12652000260736315
0.0,-0.07375200710893165,-0.12652000260736315
0.0,-0.07400493236809522,-0.12652000260736315
0.0,-0.07425609119673397,-0.12652000260736315
0.0,-0.07451139851757262,-0.12652000260736315
0.0,-0.07476424101114608,-0.12652000260736315
0.0,-0.07501738687944258,-0.12652000260736315
0.0,-0.07527047867182478,-0.12652000260736315
0.0,-0.07552341985985667,-0.12652000260736315
0.0,-0.07577558462752776,-0.12652000260736315
0.0,-0.07602949947048292,-0.12652000260736315
0.0,-0.07628144966908598,-0.12652000260736315
0.0,-0.07653461433192887,-0.12652000260736315
0.0,-0.07678873835419994,-0.12652000260736315
0.0,-0.07704113568461382,-0.12652000260736315
0.0,-0.07729496503673802,-0.12652000260736315
0.0,-0.07754721763079932,-0.12652000260736315
0.0,-0.07779932659429285,-0.12652000260736315
0.0,-0.07805291946155418,-0.12652000260736315
0.0,-0.0783066093494143,-0.12652000260736315
0.0,-0.07855999035893124,-0.12652000260736315
0.0,-0.07881269791765673,-0.12652000260736315
0.0,-0.07906467711211398,-0.12652000260736315
0.0,-0.07932341943078022,-0.12652000260736315
0.0,-0.07957169350973474,-0.12652000260736315
0.0,-0.07982418837315343,-0.12652000260736315
0.0,-0.08007781553492666,-0.12652000260736315
0.0,-0.0803311327543235,-0.12652000260736315
0.0,-0.08058319683611131,-0.12652000260736315
0.0,-0.08083681106500988,-0.12652000260736315
0.0,-0.08109039983934911,-0.12652000260736315
0.0,-0.0813420983656282,-0.12652000260736315
0.0,-0.08159561587631076,-0.12652000260736315
0.0,-0.08184934004223518,-0.12652000260736315
0.0,-0.08210216385386505,-0.12652000260736315
0.0,-0.0823552238960526,-0.12652000260736315
0.0,-0.08260886880858219,-0.12652000260736315
0.0,-0.08286124331731799,-0.12652000260736315
0.0,-0.08311413854569374,-0.12652000260736315
0.0,-0.0833673942131093,-0.12652000260736315
0.0,-0.0836203789303481,-0.12652000260736315
0.0,-0.08387328097435638,-0.12652000260736315
0.0,-0.08412549923594978,-0.12652000260736315
0.0,-0.08437956927340093,-0.12652000260736315
0.0,-0.08463184210180624,-0.12652000260736315
0.0,-0.0848857669436372,-0.12652000260736315
0.0,-0.08513821761614938,-0.12652000260736315
0.0,-0.0853909462860025,-0.12652000260736315
0.0,-0.08564701555584404,-0.12652000260736315
0.0,-0.08589793769971833,-0.12652000260736315
0.0,-0.08615069805524089,-0.12652000260736315
0.0,-0.08640339499261215,-0.12652000260736315
0.0,-0.08665717108993684,-0.12652000260736315
0.0,-0.08691002182628847,-0.12652000260736315
0.0,-0.08716325900027526,-0.12652000260736315
0.0,-0.08741652496135825,-0.12652000260736315
0.0,-0.08766940512752767,-0.12652000260736315
0.0,-0.08792285071917996,-0.12652000260736315
0.0,-0.08817501840440231,-0.12652000260736315
0.0,-0.08842803943541225,-0.12652000260736315
0.0,-0.08868065020760094,-0.12652000260736315
0.0,-0.08893479496776563,-0.12652000260736315
0.0,-0.08918740833740996,-0.12652000260736315
0.0,-0.08944038952853628,-0.12652000260736315
0.0,-0.089692886049367,-0.12652000260736315
0.0,-0.08994625542663491,-0.12652000260736315
0.0,-0.0901987983537374,-0.12652000260736315
0.0,-0.09045254353589946,-0.12652000260736315
0.0,-0.09070439978960498,-0.12652000260736315
0.0,-0.09095899248624771,-0.12652000260736315
0.0,-0.0912115262178764,-0.12652000260736315
0.0,-0.09146509954791893,-0.12652000260736315
0.0,-0.09171791766741387,-0.12652000260736315
0.0,-0.09197700420146,-0.12652000260736315
0.0,-0.09222444579777536,-0.12652000260736315
0.0,-0.0924769771305848,-0.12652000260736315
0.0,-0.09273048034703747,-0.12652000260736315
0.0,-0.09298213797193011,-0.12652000260736315
0.0,-0.09323625649311146,-0.12652000260736315
0.0,-0.09348818630807691,-0.12652000260736315
0.0,-0.09374221942699129,-0.12652000260736315
0.0,-0.09399558583863035,-0.12652000260736315
0.0,-0.09424802094412141,-0.12652000260736315
0.0,-0.09450133794590385,-0.12652000260736315
0.0,-0.09475297783142692,-0.12652000260736315
0.0,-0.09500716966462378,-0.12652000260736315
0.0,-0.09525924062277374,-0.12652000260736315
0.0,-0.09551400660247723,-0.12652000260736315
0.0,-0.09576548171087931,-0.12652000260736315
0.0,-0.09601968578741682,-0.12652000260736315
0.0,-0.0962718302612795,-0.12652000260736315
0.0,-0.09652576711238911,-0.12652000260736315
0.0,-0.09677881632446442,-0.12652000260736315
0.0,-0.09703093410260655,-0.12652000260736315
0.0,-0.09728488632716167,-0.12652000260736315
0.0,-0.09753683636128874,-0.12652000260736315
0.0,-0.09779007456894395,-0.12652000260736315
0.0,-0.0980441977410006,-0.12652000260736315
0.0,-0.09830100737806302,-0.12652000260736315
0.0,-0.09855027228703114,-0.12652000260736315
0.0,-0.09880326717521293,-0.12652000260736315
0.0,-0.09905496729817445,-0.12652000260736315
0.0,-0.09930864067137862,-0.12652000260736315
0.0,-0.09956182472341193,-0.12652000260736315
0.0,-0.09981512573559642,-0.12652000260736315
0.0,-0.10006720347268813,-0.12652000260736315
0.0,-0.10032130144955145,-0.12652000260736315
0.0,-0.10057328060478751,-0.12652000260736315
0.0,-0.10082738922957427,-0.12652000260736315
0.0,-0.10108012492634832,-0.12652000260736315
0.0,-0.10133298070199165,-0.12652000260736315
0.0,-0.10158524383516918,-0.12652000260736315
0.0,-0.10183892603567393,-0.12652000260736315
0.0,-0.10209251196204791,-0.12652000260736315
0.0,-0.10234507732747286,-0.12652000260736315
0.0,-0.10259783889126145,-0.12652000260736315
0.0,-0.10285059089772902,-0.12652000260736315
0.0,-0.10310409943308262,-0.12652000260736315
0.0,-0.10335766986581707,-0.12652000260736315
0.0,-0.10360943140411824,-0.12652000260736315
0.0,-0.103863676349147,-0.12652000260736315
0.0,-0.10411604130182701,-0.12652000260736315
0.0,-0.10436862924980722,-0.12652000260736315
0.0,-0.10462402833307337,-0.12652000260736315
0.0,-0.10487554832571158,-0.12652000260736315
0.0,-0.10512910156311248,-0.12652000260736315
0.0,-0.10538169846997406,-0.12652000260736315
0.0,-0.1056342877982875,-0.12652000260736315
0.0,-0.1058880498202619,-0.12652000260736315
0.0,-0.10614065860355615,-0.12652000260736315
0.0,-0.10639413981058916,-0.12652000260736315
0.0,-0.10664705446484611,-0.12652000260736315
0.0,-0.10690009586557646,-0.12652000260736315
0.0,-0.10715342013213744,-0.12652000260736315
0.0,-0.10740602788302847,-0.12652000260736315
0.0,-0.10765845147772968,-0.12652000260736315
0.0,-0.10791204529642143,-0.12652000260736315
0.0,-0.10816529089157959,-0.12652000260736315
0.0,-0.10841861292253213,-0.12652000260736315
0.0,-0.10867174877930083,-0.12652000260736315
0.0,-0.10892365417464056,-0.12652000260736315
0.0,-0.10917736275836148,-0.12652000260736315
0.0,-0.10943045391687845,-0.12652000260736315
0.0,-0.1096828350818316,-0.12652000260736315
0.0,-0.10993682624924353,-0.12652000260736315
0.0,-0.11019033113829063,-0.12652000260736315
0.0,-0.11044232974850751,-0.12652000260736315
0.0,-0.11069568318552028,-0.12652000260736315
0.0,-0.11094994454019338,-0.12652000260736315
0.0,-0.11120186355794182,-0.12652000260736315
0.0,-0.11145479301503906,-0.12652000260736315
0.0,-0.11170761350931446,-0.12652000260736315
0.0,-0.11196078064182781,-0.12652000260736315
0.0,-0.11221381105050034,-0.12652000260736315
0.0,-0.11246720905038844,-0.12652000260736315
0.0,-0.1127204206850475,-0.12652000260736315
0.0,-0.11297357659650181,-0.12652000260736315
0.0,-0.11322678762259966,-0.12652000260736315
0.0,-0.11348004020166198,-0.12652000260736315
0.0,-0.1137316290388944,-0.12652000260736315
0.0,-0.11398593037768392,-0.12652000260736315
0.0,-0.11423766962695625,-0.12652000260736315
0.0,-0.11449129106116895,-0.12652000260736315
0.0,-0.11474392622641413,-0.12652000260736315
0.0,-0.11499666860217914,-0.12652000260736315
0.0,-0.11525007310899096,-0.12652000260736315
0.0,-0.11550315934714506,-0.12652000260736315
0.0,-0.1157566907029115,-0.12652000260736315
0.0,-0.11600898348352123,-0.12652000260736315
0.0,-0.11626207587813864,-0.12652000260736315
0.0,-0.11651555321745517,-0.12652000260736315
0.0,-0.11676855772874836,-0.12652000260736315
0.0,-0.11702052120942132,-0.12652000260736315
0.0,-0.11727639184285878,-0.12652000260736315
0.0,-0.11752761189832239,-0.12652000260736315
0.0,-0.11778080992955078,-0.12652000260736315
0.0,-0.11803396720868632,-0.12652000260736315
0.0,-0.11828659774962541,-0.12652000260736315
0.0,-0.11853906124493985,-0.12652000260736315
0.0,-0.1187932327944499,-0.12652000260736315
0.0,-0.11904605855448781,-0.12652000260736315
0.0,-0.1192994266956553,-0.12652000260736315
0.0,-0.1195518301154769,-0.12652000260736315
0.0,-0.1198042179961118,-0.12652000260736315
0.0,-0.12005836650885976,-0.12652000260736315
0.0,-0.12031101193614237,-0.12652000260736315
0.0,-0.12056400490248531,-0.12652000260736315
0.0,-0.12081793146878392,-0.12652000260736315
0.0,-0.12107084256023759,-0.12652000260736315
0.0,-0.12132405514885747,-0.12652000260736315
0.0,-0.1215767409461425,-0.12652000260736315
0.0,-0.12182859046771868,-0.12652000260736315
0.0,-0.12208116780826189,-0.12652000260736315
0.0,-0.12233572288797742,-0.12652000260736315
0.0,-0.12258859578177711,-0.12652000260736315
0.0,-0.12284179927613921,-0.12652000260736315
0.0,-0.12309380003340052,-0.12652000260736315
0.0,-0.12334737532956389,-0.12652000260736315
0.0,-0.12360165349748012,-0.12652000260736315
0.0,-0.12385277682966694,-0.12652000260736315
0.0,-0.12410591728417256,-0.12652000260736315
0.0,-0.12435982586565278,-0.12652000260736315
0.0,-0.12461283846916534,-0.12652000260736315
0.0,-0.12486632590351288,-0.12652000260736315
0.0,-0.125118910017937,-0.12652000260736315
0.0,-0.12537236929652318,-0.12652000260736315
0.0,-0.1256258737895627,-0.12652000260736315
0.0,-0.12587826649440526,-0.12652000260736315
0.0,-0.12613112409193664,-0.12652000260736315
0.0,-0.12638389158698293,-0.12652000260736315
0.0,-0.12663699046954607,-0.12652000260736315
0.0,-0.1268893068739707,-0.12652000260736315
0.0,-0.12714334648209602,-0.12652000260736315
0.0,-0.12739681881248566,-0.12652000260736315
0.0,-0.12764916163302162,-0.12652000260736315
0.0,-0.12790233829249115,-0.12652000260736315
0.0,-0.12815496089556527,-0.12652000260736315
0.0,-0.12840856194740558,-0.12652000260736315
0.0,-0.12866143016123036,-0.12652000260736315
0.0,-0.12891502981755504,-0.12652000260736315
0.0,-0.1291677570071241,-0.12652000260736315
0.0,-0.12942080483633578,-0.12652000260736315
0.0,-0.1296737261860313,-0.12652000260736315
0.0,-0.1299316321606679,-0.12652000260736315
0.0,-0.13017795370323454,-0.12652000260736315
0.0,-0.13043263659598714,-0.12652000260736315
0.0,-0.130685296092294,-0.12652000260736315
0.0,-0.13093933390257012,-0.12652000260736315
0.0,-0.13119208860770937,-0.12652000260736315
0.0,-0.13144550132440416,-0.12652000260736315
0.0,-0.1316980959172149,-0.12652000260736315
0.0,-0.13195019566372626,-0.12652000260736315
0.0,-0.1322035965001928,-0.12652000260736315
0.0,-0.132458045757313,-0.12652000260736315
0.0,-0.13271077691834493,-0.12652000260736315
0.0,-0.13296356479196808,-0.12652000260736315
0.0,-0.1332157106246556,-0.12652000260736315
0.0,-0.13346869304935194,-0.12652000260736315
0.0,-0.13372232950528454,-0.12652000260736315
0.0,-0.13397526785294236,-0.12652000260736315
0.0,-0.13422756811467984,-0.12652000260736315
0.0,-0.13448088361087424,-0.12652000260736315
0.0,-0.13473463314658962,-0.12652000260736315
0.0,-0.13498763873962882,-0.12652000260736315
0.0,-0.13524123827702467,-0.12652000260736315
0.0,-0.13549445079099776,-0.12652000260736315
0.0,-0.1357467879851892,-0.12652000260736315
0.0,-0.13599942101604195,-0.12652000260736315
0.0,-0.13625434680695633,-0.12652000260736315
0.0,-0.13650553802724616,-0.12652000260736315
0.0,-0.13675820776408204,-0.12652000260736315
0.0,-0.13701164323033854,-0.12652000260736315
0.0,-0.13726605690876875,-0.12652000260736315
0.0,-0.13751771576976182,-0.12652000260736315
0.0,-0.13777061510497685,-0.12652000260736315
0.0,-0.13802425452653833,-0.12652000260736315
0.0,-0.13827715574690141,-0.12652000260736315
0.0,-0.13853021534373855,-0.12652000260736315
0.0,-0.13878347345931613,-0.12652000260736315
0.0,-0.1390363246992174,-0.12652000260736315
0.0,-0.13928923867026632,-0.12652000260736315
0.0,-0.13954092217988628,-0.12652000260736315
0.0,-0.1397953383317826,-0.12652000260736315
0.0,-0.1400486789497887,-0.12652000260736315
0.0,-0.14030201523068914,-0.12652000260736315
0.0,-0.14055470142271656,-0.12652000260736315
0.0,-0.14080752430062882,-0.12652000260736315
0.0,-0.14105981232661685,-0.12652000260736315
0.0,-0.14131319052738975,-0.12652000260736315
0.0,-0.1415668434650831,-0.12652000260736315
0.0,-0.14182112565253985,-0.12652000260736315
0.0,-0.1420727268748153,-0.12652000260736315
0.0,-0.14232579141858454,-0.12652000260736315
0.0,-0.1425802204818471,-0.12652000260736315
0.0,-0.14283199414835573,-0.12652000260736315
0.0,-0.14308421817926123,-0.12652000260736315
0.0,-0.1433373237737105,-0.12652000260736315
0.0,-0.14359066348330302,-0.12652000260736315
0.0,-0.1438432254175055,-0.12652000260736315
0.0,-0.14409711703771416,-0.12652000260736315
0.0,-0.1443502919309645,-0.12652000260736315
0.0,-0.1446022774602783,-0.12652000260736315
0.0,-0.14485682817125814,-0.12652000260736315
0.0,-0.14510947429693116,-0.12652000260736315
0.0,-0.14536206118214334,-0.12652000260736315
0.0,-0.1456151605467477,-0.12652000260736315
0.0,-0.14586762311973134,-0.12652000260736315
0.0,-0.14612153973143613,-0.12652000260736315
0.0,-0.1463737435343236,-0.12652000260736315
0.0,-0.14662642483129212,-0.12652000260736315
0.0,-0.14687996324940517,-0.12652000260736315
0.0,-0.1471324997859823,-0.12652000260736315
0.0,-0.14738618511912233,-0.12652000260736315
0.0,-0.1476391684471715,-0.12652000260736315
0.0,-0.14789263815353626,-0.12652000260736315
0.0,-0.14814442289813634,-0.12652000260736315
0.0,-0.14839909223174025,-0.12652000260736315
0.0,-0.14865142313282675,-0.12652000260736315
0.0,-0.14890689176413832,-0.12652000260736315
0.0,-0.14915826229363666,-0.12652000260736315
0.0,-0.14940978728001936,-0.12652000260736315
0.0,-0.149663425140324,-0.12652000260736315
0.0,-0.1499162024887481,-0.12652000260736315
0.0,-0.15016999716300478,-0.12652000260736315
0.0,-0.1504226194308009,-0.12652000260736315
0.0,-0.1506756869452598,-0.12652000260736315
0.0,-0.15092854962509966,-0.12652000260736315
0.0,-0.15118198706000738,-0.12652000260736315
0.0,-0.15143387112660509,-0.12652000260736315
0.0,-0.1516878175160577,-0.12652000260736315
0.0,-0.1519403949059437,-0.12652000260736315
0.0,-0.15219430514230553,-0.12652000260736315
0.0,-0.15244570862140813,-0.12652000260736315
0.0,-0.152700734473197,-0.12652000260736315
0.0,-0.1529531629325923,-0.12652000260736315
0.0,-0.1532055622341878,-0.12652000260736315
0.0,-0.15345862001799332,-0.12652000260736315
0.0,-0.15371280800751247,-0.12652000260736315
0.0,-0.15396571488205446,-0.12652000260736315
0.0,-0.15421812677112506,-0.12652000260736315
0.0,-0.15447153473825895,-0.12652000260736315
0.0,-0.15472430024820644,-0.12652000260736315
0.0,-0.15497772711489832,-0.12652000260736315
0.0,-0.1552325795773496,-0.12652000260736315
0.0,-0.1554838092091122,-0.12652000260736315
0.0,-0.15573685128166376,-0.12652000260736315
0.0,-0.15598988437888633,-0.12652000260736315
0.0,-0.15624292367432385,-0.12652000260736315
0.0,-0.15649527234261434,-0.12652000260736315
0.0,-0.15674946501337364,-0.12652000260736315
0.0,-0.1570020498337794,-0.12652000260736315
0.0,-0.15725475074008313,-0.12652000260736315
0.0,-0.157507826755421,-0.12652000260736315
0.0,-0.15776022852036095,-0.12652000260736315
0.0,-0.15801399627495666,-0.12652000260736315
0.0,-0.15826698052533664,-0.12652000260736315
0.0,-0.15852037911733835,-0.12652000260736315
0.0,-0.1587741130898282,-0.12652000260736315
0.0,-0.1590262885724783,-0.12652000260736315
0.0,-0.1592795375963285,-0.12652000260736315
0.0,-0.1595321391806346,-0.12652000260736315
0.0,-0.15978536533599438,-0.12652000260736315
0.0,-0.16003809208274344,-0.12652000260736315
0.0,-0.16029152037152017,-0.12652000260736315
0.0,-0.16054392749078666,-0.12652000260736315
0.0,-0.1607975853513733,-0.12652000260736315
0.0,-0.16105007274631628,-0.12652000260736315
0.0,-0.16130348580714549,-0.12652000260736315
0.0,-0.16155764084579516,-0.12652000260736315
0.0,-0.16180969667215284,-0.12652000260736315
0.0,-0.16206223559363203,-0.12652000260736315
0.0,-0.16231572197027233,-0.12652000260736315
0.0,-0.16256864414993905,-0.12652000260736315
0.0,-0.16282090381773368,-0.12652000260736315
0.0,-0.1630740361888763,-0.12652000260736315
0.0,-0.16332692976869642,-0.12652000260736315
0.0,-0.16358147396769174,-0.12652000260736315
0.0,-0.16383392528166035,-0.12652000260736315
0.0,-0.16408611214858027,-0.12652000260736315
0.0,-0.16433987856965518,-0.12652000260736315
0.0,-0.16459198997371957,-0.12652000260736315
0.0,-0.16484593352912413,-0.12652000260736315
0.0,-0.1650994656857622,-0.12652000260736315
0.0,-0.16535172476397364,-0.12652000260736315
0.0,-0.16560431756273075,-0.12652000260736315
0.0,-0.16585769704515124,-0.12652000260736315
0.0,-0.16611014841731905,-0.12652000260736315
0.0,-0.16636393036366348,-0.12652000260736315
0.0,-0.16661681037547849,-0.12652000260736315
0.0,-0.16686913096645,-0.12652000260736315
0.0,-0.1671229362595305,-0.12652000260736315
0.0,-0.1673764950676071,-0.12652000260736315
0.0,-0.1676288527226134,-0.12652000260736315
0.0,-0.16788595589367306,-0.12652000260736315
0.0,-0.168135085461664,-0.12652000260736315
0.0,-0.16838819611944378,-0.12652000260736315
0.0,-0.16864123306413964,-0.12652000260736315
0.0,-0.16889439252321484,-0.12652000260736315
0.0,-0.16914744637983944,-0.12652000260736315
0.0,-0.16940029255134936,-0.12652000260736315
0.0,-0.16965377605725085,-0.12652000260736315
0.0,-0.16990592382949,-0.12652000260736315
0.0,-0.1701594044836306,-0.12652000260736315
0.0,-0.17041311026493344,-0.12652000260736315
0.0,-0.1706657245493174,-0.12652000260736315
0.0,-0.17091825489274043,-0.12652000260736315
0.0,-0.1711715414487494,-0.12652000260736315
0.0,-0.17142491969127394,-0.12652000260736315
0.0,-0.17167709124041713,-0.12652000260736315
0.0,-0.17193166972127238,-0.12652000260736315
0.0,-0.17218427085769766,-0.12652000260736315
0.0,-0.1724360687414,-0.12652000260736315
0.0,-0.17268908605651745,-0.12652000260736315
0.0,-0.172943184863352,-0.12652000260736315
0.0,-0.17319633385416217,-0.12652000260736315
0.0,-0.17344923528201805,-0.12652000260736315
0.0,-0.17370291903618845,-0.12652000260736315
0.0,-0.17395589257791538,-0.12652000260736315
0.0,-0.17420963069899612,-0.12652000260736315
0.0,-0.1744604563283516,-0.12652000260736315
0.0,-0.174713741963295,-0.12652000260736315
0.0,-0.17496772944264888,-0.12652000260736315
0.0,-0.17522012704761114,-0.12652000260736315
0.0,-0.1754735557817383,-0.12652000260736315
0.0,-0.1757269063922942,-0.12652000260736315
0.0,-0.17597995097753302,-0.12652000260736315
0.0,-0.1762322351547826,-0.12652000260736315
0.0,-0.17648533552648615,-0.12652000260736315
0.0,-0.1767387405292564,-0.12652000260736315
0.0,-0.17699115740954108,-0.12652000260736315
0.0,-0.17724536724653434,-0.12652000260736315
0.0,-0.17749739655682983,-0.12652000260736315
0.0,-0.1777506285030101,-0.12652000260736315
0.0,-0.17800321873847197,-0.12652000260736315
0.0,-0.17825652840082906,-0.12652000260736315
0.0,-0.17850959270294509,-0.12652000260736315
0.0,-0.17876300022219815,-0.12652000260736315
0.0,-0.17901652344778923,-0.12652000260736315
0.0,-0.17926945164854288,-0.12652000260736315
0.0,-0.17952202073492107,-0.12652000260736315
0.0,-0.17977503298797326,-0.12652000260736315
0.0,-0.180028347082326,-0.12652000260736315
0.0,-0.18028145268057091,-0.12652000260736315
0.0,-0.18053695973600728,-0.12652000260736315
0.0,-0.18078732036892758,-0.12652000260736315
0.0,-0.18104041829626472,-0.12652000260736315
0.0,-0.18129381279154871,-0.12652000260736315
0.0,-0.18154677484525944,-0.12652000260736315
0.0,-0.18179958429180823,-0.12652000260736315
0.0,-0.18205289457917412,-0.12652000260736315
0.0,-0.1823047741998589,-0.12652000260736315
0.0,-0.182558830188529,-0.12652000260736315
0.0,-0.1828119993643404,-0.12652000260736315
0.0,-0.18306466824463585,-0.12652000260736315
0.0,-0.1833177570397592,-0.12652000260736315
0.0,-0.18356983894188938,-0.12652000260736315
0.0,-0.18382415258221874,-0.12652000260736315
0.0,-0.1840772041981741,-0.12652000260736315
0.0,-0.18433021952313194,-0.12652000260736315
0.0,-0.18458342008096476,-0.12652000260736315
0.0,-0.18483618245321615,-0.12652000260736315
0.0,-0.1850893778756021,-0.12652000260736315
0.0,-0.18534221167725137,-0.12652000260736315
0.0,-0.18559422065072165,-0.12652000260736315
0.0,-0.18584797569132233,-0.12652000260736315
0.0,-0.18610146762851676,-0.12652000260736315
0.0,-0.1863546107095776,-0.12652000260736315
0.0,-0.18660713783812738,-0.12652000260736315
0.0,-0.1868625842879521,-0.12652000260736315
0.0,-0.18711379475699513,-0.12652000260736315
0.0,-0.18736658749657756,-0.12652000260736315
0.0,-0.1876195456446158,-0.12652000260736315
0.0,-0.1878725895453814,-0.12652000260736315
0.0,-0.18812549452971455,-0.12652000260736315
0.0,-0.188377676168828,-0.12652000260736315
0.0,-0.18863075477276509,-0.12652000260736315
0.0,-0.18888372759585842,-0.12652000260736315
0.0,-0.18913697954485115,-0.12652000260736315
0.0,-0.18939029044963462,-0.12652000260736315
0.0,-0.1896432532207138,-0.12652000260736315
0.0,-0.18989693228605287,-0.12652000260736315
0.0,-0.19014989471173238,-0.12652000260736315
0.0,-0.1904015928331475,-0.12652000260736315
0.0,-0.19065638924976802,-0.12652000260736315
0.0,-0.19090818797988912,-0.12652000260736315
0.0,-0.19116132662642388,-0.12652000260736315
0.0,-0.19141565457236998,-0.12652000260736315
0.0,-0.19166792497538682,-0.12652000260736315
0.0,-0.19192121826732078,-0.12652000260736315
0.0,-0.19217395784572855,-0.12652000260736315
0.0,-0.19242759809220045,-0.12652000260736315
0.0,-0.1926805001374739,-0.12652000260736315
0.0,-0.1929339119242467,-0.12652000260736315
0.0,-0.19318813030893128,-0.12652000260736315
0.0,-0.19343888705320617,-0.12652000260736315
0.0,-0.1936919896048494,-0.12652000260736315
0.0,-0.19394485012119722,-0.12652000260736315
0.0,-0.19419832012488403,-0.12652000260736315
0.0,-0.19445099121042314,-0.12652000260736315
0.0,-0.19470449580594384,-0.12652000260736315
0.0,-0.19495735548346405,-0.12652000260736315
0.0,-0.19521040834184583,-0.12652000260736315
0.0,-0.1954636724595324,-0.12652000260736315
0.0,-0.1957159248663441,-0.12652000260736315
0.0,-0.19596974393871808,-0.12652000260736315
0.0,-0.1962226393720562,-0.12652000260736315
0.0,-0.19647532606889845,-0.12652000260736315
0.0,-0.19672837490773976,-0.12652000260736315
0.0,-0.1969818721347355,-0.12652000260736315
0.0,-0.1972351868363843,-0.12652000260736315
0.0,-0.19748821591027077,-0.12652000260736315
0.0,-0.19774110968113612,-0.12652000260736315
0.0,-0.19799441798087275,-0.12652000260736315
0.0,-0.1982470412696853,-0.12652000260736315
0.0,-0.1985002392363885,-0.12652000260736315
0.0,-0.19875326319760167,-0.12652000260736315
0.0,-0.19900532005762772,-0.12652000260736315
0.0,-0.1992594470354061,-0.12652000260736315
0.0,-0.19951395509143227,-0.12652000260736315
0.0,-0.19976584253358365,-0.12652000260736315
0.0,-0.2,-0.12652000260736315
0.0,-0.2,-0.12652000260736315
0.0,-0.2,-0.12652000260736315
0.0,-0.2,-0.12652000260736315
0.0,-0.2,-0.12652000260736315
0.0,-0.2,-0.12652000260736315
0.0,-0.2,-0.12652000260736315
0.0,-0.2,-0.12652000260736315
0.0,-0.2,-0.12652000260736315
0.0,-0.2,-0.12652000260736315
0.0,-0.2,-0.12652000260736315
0.0,-0.2,-0.12652000260736315
0.0,-0.2,-0.12652000260736315
0.0,-0.2,-0.12652000260736315
0.0,-0.2,-0.12652000260736315
0.0,-0.2,-0.12652000260736315
0.0,-0.2,-0.12652000260736315
0.0,-0.2,-0.12652000260736315
0.0,-0.2,-0.12652000260736315
0.0,-0.2,-0.12652000260736315
0.0,-0.2,-0.12652000260736315
0.0,-0.2,-0.12652000260736315
0.0,-0.2,-0.12652000260736315
0.0,-0.2,-0.12652000260736315
0.0,-0.2,-0.12652000260736315
0.0,-0.2,-0.12652000260736315
0.0,-0.2,-0.12652000260736315
0.0,-0.2,-0.12652000260736315
0.0,-0.2,-0.12652000260736315
0.0,-0.2,-0.12652000260736315
0.0,-0.2,-0.12652000260736315
0.0,-0.2,-0.12652000260736315
0.0,-0.2,-0.12652000260736315
0.0,-0.2,-0.12652000260736315
0.0,-0.2,-0.12652000260736315
0.0,-0.2,-0.12652000260736315
0.0,-0.2,-0.12652000260736315
0.0,-0.2,-0.12652000260736315
0.0,-0.2,-0.12652000260736315
0.0,-0.2,-0.12652000260736315
0.0,-0.2,-0.12652000260736315
0.0,-0.2,-0.12652000260736315
0.0,-0.2,-0.12652000260736315
0.0,-0.2,-0.12652000260736315
0.0,-0.2,-0.12652000260736315
0.0,-0.2,-0.12652000260736315
0.0,-0.2,-0.12652000260736315
0.0,-0.2,-0.12652000260736315
0.0,-0.2,-0.12652000260736315
0.0,-0.2,-0.12652000260736315
0.0,-0.2,-0.12652000260736315
0.0,-0.2,-0.12652000260736315
0.0,-0.2,-0.12652000260736315
0.0,-0.2,-0.12652000260736315
0.0,-0.2,-0.12652000260736315
0.0,-0.2,-0.12652000260736315
0.0,-0.2,-0.12652000260736315
0.0,-0.2,-0.12652000260736315
0.0,-0.2,-0.12652000260736315
0.0,-0.2,-0.12652000260736315
0.0,-0.2,-0.12652000260736315
0.0,-0.2,-0.12652000260736315
0.0,-0.2,-0.12652000260736315
0.0,-0.2,-0.12652000260736315
0.0,-0.2,-0.12652000260736315
0.0,-0.2,-0.12652000260736315
0.0,-0.2,-0.12652000260736315
0.0,-0.2,-0.12652000260736315
0.0,-0.2,-0.12652000260736315
0.0,-0.2,-0.12652000260736315
0.0,-0.2,-0.12652000260736315
0.0,-0.2,-0.12652000260736315
0.0,-0.2,-0.12652000260736315
0.0,-0.2,-0.12652000260736315
0.0,-0.2,-0.12652000260736315
0.0,-0.2,-0.12652000260736315
0.0,-0.2,-0.12652000260736315
0.0,-0.2,-0.12652000260736315
0.0,-0.2,-0.12652000260736315
0.0,-0.2,-0.12652000260736315
0.0,-0.2,-0.12652000260736315
0.0,-0.2,-0.12652000260736315
0.0,-0.2,-0.12652000260736315
0.0,-0.2,-0.12652000260736315
0.0,-0.2,-0.12652000260736315
0.0,-0.2,-0.12652000260736315
0.0,-0.2,-0.12652000260736315
0.0,-0.2,-0.12652000260736315
0.0,-0.2,-0.12652000260736315
0.0,-0.2,-0.12652000260736315
0.0,-0.2,-0.12652000260736315
0.0,-0.2,-0.12652000260736315
0.0,-0.2,-0.12652000260736315
0.0,-0.2,-0.12652000260736315
0.0,-0.2,-0.12652000260736315
0.0,-0.2,-0.12652000260736315
0.0,-0.2,-0.12652000260736315
0.0,-0.2,-0.12652000260736315
0.0,-0.2,-0.12652000260736315
0.0,-0.2,-0.12652000260736315
0.0,-0.2,-0.12652000260736315
0.0,-0.2,-0.12652000260736315
0.0,-0.2,-0.12652000260736315
0.0,-0.2,-0.12652000260736315
0.0,-0.2,-0.12652000260736315
0.0,-0.2,-0.12652000260736315
0.0,-0.2,-0.12652000260736315
0.0,-0.2,-0.12652000260736315
0.0,-0.2,-0.12652000260736315
0.0,-0.2,-0.12652000260736315
0.0,-0.2,-0.12652000260736315
0.0,-0.2,-0.12652000260736315
0.0,-0.2,-0.12652000260736315
0.0,-0.2,-0.12652000260736315
0.0,-0.2,-0.12652000260736315
0.0,-0.2,-0.12652000260736315
0.0,-0.2,-0.12652000260736315
0.0,-0.2,-0.12652000260736315
0.0,-0.2,-0.12652000260736315
0.0,-0.2,-0.12652000260736315
0.0,-0.2,-0.12652000260736315
0.0,-0.2,-0.12652000260736315
0.0,-0.2,-0.12652000260736315
0.0,-0.2,-0.12652000260736315
0.0,-0.2,-0.12652000260736315
0.0,-0.2,-0.12652000260736315
0.0,-0.2,-0.12652000260736315
0.0,-0.2,-0.12652000260736315
0.0,-0.2,-0.12652000260736315
0.0,-0.2,-0.12652000260736315
0.0,-0.2,-0.12652000260736315
0.0,-0.2,-0.12652000260736315
0.0,-0.2,-0.12652000260736315
0.0,-0.2,-0.12652000260736315
0.0,-0.2,-0.12652000260736315
0.0,-0.2,-0.12652000260736315
0.0,-0.2,-0.12652000260736315
0.0,-0.2,-0.12652000260736315
0.0,-0.2,-0.12652000260736315
0.0,-0.2,-0.12652000260736315
0.0,-0.2,-0.12652000260736315
0.0,-0.2,-0.12652000260736315
0.0,-0.2,-0.12652000260736315
0.0,-0.2,-0.12652000260736315
0.0,-0.2,-0.12652000260736315
0.0,-0.2,-0.12652000260736315
0.0,-0.2,-0.12652000260736315
0.0,-0.2,-0.12652000260736315
0.0,-0.2,-0.12652000260736315
0.0,-0.2,-0.12652000260736315
0.0,-0.2,-0.12652000260736315
0.0,-0.2,-0.12652000260736315
0.0,-0.2,-0.12652000260736315
0.0,-0.2,-0.12652000260736315
0.0,-0.2,-0.12652000260736315
0.0,-0.2,-0.12652000260736315
0.0,-0.2,-0.12652000260736315
0.0,-0.2,-0.12652000260736315
0.0,-0.2,-0.12652000260736315
0.0,-0.2,-0.12652000260736315
0.0,-0.2,-0.12652000260736315
0.0,-0.2,-0.12652000260736315
0.0,-0.2,-0.12652000260736315
0.0,-0.2,-0.12652000260736315
0.0,-0.2,-0.12652000260736315
0.0,-0.2,-0.12652000260736315
0.0,-0.2,-0.12652000260736315
0.0,-0.2,-0.12652000260736315
0.0,-0.2,-0.12652000260736315
0.0,-0.2,-0.12652000260736315
0.0,-0.2,-0.12652000260736315
0.0,-0.2,-0.12652000260736315
0.0,-0.2,-0.12652000260736315
0.0,-0.2,-0.12652000260736315
0.0,-0.2,-0.12652000260736315
0.0,-0.2,-0.12652000260736315
0.0,-0.2,-0.12652000260736315
0.0,-0.2,-0.12652000260736315
0.0,-0.2,-0.12652000260736315
0.0,-0.2,-0.12652000260736315
0.0,-0.2,-0.12652000260736315
0.0,-0.2,-0.12652000260736315
0.0,-0.2,-0.12652000260736315
0.0,-0.2,-0.12652000260736315
0.0,-0.2,-0.12652000260736315
0.0,-0.2,-0.12652000260736315
0.0,-0.2,-0.12652000260736315
0.0,-0.2,-0.12652000260736315
0.0,-0.2,-0.12652000260736315
0.0,-0.2,-0.12652000260736315
0.0,-0.2,-0.12652000260736315
0.0,-0.2,-0.12652000260736315
0.0,-0.2,-0.12652000260736315
0.0,-0.2,-0.12652000260736315
0.0,-0.2,-0.12652000260736315
0.0,-0.2,-0.12652000260736315
0.0,-0.2,-0.12652000260736315
0.0,-0.2,-0.12652000260736315
0.0,-0.2,-0.12652000260736315
0.0,-0.2,-0.12652000260736315
0.0,-0.2,-0.12652000260736315
0.0,-0.2,-0.12652000260736315
0.0,-0.2,-0.12652000260736315
0.0,-0.2,-0.12652000260736315
0.0,-0.2,-0.12652000260736315
0.0,-0.2,-0.12652000260736315
0.0,-0.2,-0.12652000260736315
0.0,-0.2,-0.12652000260736315
0.0,-0.2,-0.12652000260736315
0.0,-0.2,-0.12652000260736315
0.0,-0.2,-0.12652000260736315
0.0,-0.2,-0.12652000260736315
0.0,-0.2,-0.12652000260736315
0.0,-0.2,-0.12652000260736315
0.0,-0.2,-0.12652000260736315
0.0,-0.2,-0.12652000260736315
0.0,-0.2,-0.12652000260736315
0.0,-0.2,-0.12652000260736315
0.0,-0.2,-0.12652000260736315
0.0,-0.2,-0.12652000260736315
0.0,-0.2,-0.12652000260736315
0.0,-0.2,-0.12652000260736315
0.0,-0.2,-0.12652000260736315
0.0,-0.2,-0.12652000260736315
0.0,-0.2,-0.12652000260736315
0.0,-0.2,-0.12652000260736315
0.0,-0.2,-0.12652000260736315
0.0,-0.2,-0.12652000260736315
0.0,-0.2,-0.12652000260736315
0.0,-0.2,-0.12652000260736315
0.0,-0.2,-0.12652000260736315
0.0,-0.2,-0.12652000260736315
0.0,-0.2,-0.12652000260736315
0.0,-0.2,-0.12652000260736315
0.0,-0.2,-0.12652000260736315
0.0,-0.2,-0.12652000260736315
0.0,-0.2,-0.12652000260736315
0.0,-0.2,-0.12652000260736315
0.0,-0.2,-0.12652000260736315
0.0,-0.2,-0.12652000260736315
0.0,-0.2,-0.12652000260736315
0.0,-0.2,-0.12652000260736315
0.0,-0.2,-0.12652000260736315
0.0,-0.2,-0.12652000260736315
0.0,-0.2,-0.12652000260736315
0.0,-0.2,-0.12652000260736315
0.0,-0.2,-0.12652000260736315
0.0,-0.2,-0.12652000260736315
0.0,-0.2,-0.12652000260736315
0.0,-0.2,-0.12652000260736315
0.0,-0.2,-0.12652000260736315
0.0,-0.2,-0.12652000260736315
0.0,-0.2,-0.12652000260736315
0.0,-0.2,-0.12652000260736315
0.0,-0.2,-0.12652000260736315
0.0,-0.2,-0.12652000260736315
0.0,-0.2,-0.12652000260736315
0.0,-0.2,-0.12652000260736315
0.0,-0.2,-0.12652000260736315
0.0,-0.2,-0.12652000260736315
0.0,-0.2,-0.12652000260736315
0.0,-0.2,-0.12652000260736315
0.0,-0.2,-0.12652000260736315
0.0,-0.2,-0.12652000260736315
0.0,-0.2,-0.12652000260736315
0.0,-0.2,-0.12652000260736315
0.0,-0.2,-0.12652000260736315
0.0,-0.2,-0.12652000260736315
0.0,-0.2,-0.12652000260736315
0.0,-0.2,-0.12652000260736315
0.0,-0.2,-0.12652000260736315
0.0,-0.2,-0.12652000260736315
0.0,-0.2,-0.12652000260736315
0.0,-0.2,-0.12652000260736315
0.0,-0.2,-0.12652000260736315
0.0,-0.2,-0.12652000260736315
0.0,-0.2,-0.12652000260736315
0.0,-0.2,-0.12652000260736315
0.0,-0.2,-0.12652000260736315
0.0,-0.2,-0.12652000260736315
0.0,-0.2,-0.12652000260736315
0.0,-0.2,-0.12652000260736315
0.0,-0.2,-0.12652000260736315
0.0,-0.2,-0.12652000260736315
0.0,-0.2,-0.12652000260736315
0.0,-0.2,-0.12652000260736315
0.0,-0.2,-0.12652000260736315
0.0,-0.2,-0.12652000260736315
0.0,-0.2,-0.12652000260736315
0.0,-0.2,-0.12652000260736315
0.0,-0.2,-0.12652000260736315
0.0,-0.2,-0.12652000260736315
0.0,-0.2,-0.12652000260736315
0.0,-0.2,-0.12652000260736315
0.0,-0.2,-0.12652000260736315
0.0,-0.2,-0.12652000260736315
0.0,-0.2,-0.12652000260736315
0.0,-0.2,-0.12652000260736315
0.0,-0.2,-0.12652000260736315
0.0,-0.2,-0.12652000260736315
0.0,-0.2,-0.12652000260736315
0.0,-0.2,-0.12652000260736315
0.0,-0.2,-0.12652000260736315
0.0,-0.2,-0.12652000260736315
0.0,-0.2,-0.12652000260736315
0.0,-0.2,-0.12652000260736315
0.0,-0.2,-0.12652000260736315
0.0,-0.2,-0.12652000260736315
0.0,-0.2,-0.12652000260736315
0.0,-0.2,-0.12652000260736315
0.0,-0.2,-0.12652000260736315
0.0,-0.2,-0.12652000260736315
0.0,-0.2,-0.12652000260736315
0.0,-0.2,-0.12652000260736315
0.0,-0.2,-0.12652000260736315
0.0,-0.2,-0.12652000260736315
0.0,-0.2,-0.12652000260736315
0.0,-0.2,-0.12652000260736315
0.0,-0.2,-0.12652000260736315
0.0,-0.2,-0.12652000260736315
0.0,-0.2,-0.12652000260736315
0.0,-0.2,-0.12652000260736315
0.0,-0.2,-0.12652000260736315
0.0,-0.2,-0.12652000260736315
0.0,-0.2,-0.12652000260736315
0.0,-0.2,-0.12652000260736315
0.0,-0.2,-0.12652000260736315
0.0,-0.2,-0.12652000260736315
0.0,-0.2,-0.12652000260736315
0.0,-0.2,-0.12652000260736315
0.0,-0.2,-0.12652000260736315
0.0,-0.2,-0.12652000260736315
0.0,-0.2,-0.12652000260736315
0.0,-0.2,-0.12652000260736315
0.0,-0.2,-0.12652000260736315
0.0,-0.2,-0.12652000260736315
0.0,-0.2,-0.12652000260736315
0.0,-0.2,-0.12652000260736315
0.0,-0.2,-0.12652000260736315
0.0,-0.2,-0.12652000260736315
0.0,-0.2,-0.12652000260736315
0.0,-0.2,-0.12652000260736315
0.0,-0.2,-0.12652000260736315
0.0,-0.2,-0.12652000260736315
0.0,-0.2,-0.12652000260736315
0.0,-0.2,-0.12652000260736315
0.0,-0.2,-0.12652000260736315
0.0,-0.2,-0.12652000260736315
0.0,-0.2,-0.12652000260736315
0.0,-0.2,-0.12652000260736315
0.0,-0.2,-0.12652000260736315
0.0,-0.2,-0.12652000260736315
0.0,-0.2,-0.12652000260736315
0.0,-0.2,-0.12652000260736315
0.0,-0.2,-0.12652000260736315
0.0,-0.2,-0.12652000260736315
0.0,-0.2,-0.12652000260736315
0.0,-0.2,-0.12652000260736315
0.0,-0.2,-0.12652000260736315
0.0,-0.2,-0.12652000260736315
0.0,-0.2,-0.12652000260736315
0.0,-0.2,-0.12652000260736315
0.0,-0.2,-0.12652000260736315
0.0,-0.2,-0.12652000260736315
0.0,-0.2,-0.12652000260736315
0.0,-0.2,-0.12652000260736315
0.0,-0.2,-0.12652000260736315
0.0,-0.2,-0.12652000260736315
0.0,-0.2,-0.12652000260736315
0.0,-0.2,-0.12652000260736315
0.0,-0.2,-0.12652000260736315
0.0,-0.2,-0.12652000260736315
0.0,-0.2,-0.12652000260736315
0.0,-0.2,-0.12652000260736315
0.0,-0.2,-0.12652000260736315
0.0,-0.2,-0.12652000260736315
0.0,-0.2,-0.12652000260736315
0.0,-0.2,-0.12652000260736315
0.0,-0.2,-0.12652000260736315
0.0,-0.2,-0.12652000260736315
0.0,-0.2,-0.12652000260736315
0.0,-0.2,-0.12652000260736315
0.0,-0.2,-0.12652000260736315
0.0,-0.2,-0.12652000260736315
0.0,-0.2,-0.12652000260736315
0.0,-0.2,-0.12652000260736315
0.0,-0.2,-0.12652000260736315
0.0,-0.2,-0.12652000260736315
0.0,-0.2,-0.12652000260736315
0.0,-0.2,-0.12652000260736315
0.0,-0.2,-0.12652000260736315
0.0,-0.2,-0.12652000260736315
0.0,-0.2,-0.12652000260736315
0.0,-0.2,-0.12652000260736315
0.0,-0.2,-0.12652000260736315
0.0,-0.2,-0.12652000260736315
0.0,-0.2,-0.12652000260736315
0.0,-0.2,-0.12652000260736315
0.0,-0.2,-0.12652000260736315
0.0,-0.2,-0.12652000260736315
0.0,-0.2,-0.12652000260736315
0.0,-0.2,-0.12652000260736315
0.0,-0.2,-0.12652000260736315
0.0,-0.2,-0.12652000260736315
0.0,-0.2,-0.12652000260736315
0.0,-0.2,-0.12652000260736315
0.0,-0.2,-0.12652000260736315
0.0,-0.2,-0.12652000260736315
0.0,-0.2,-0.12652000260736315
0.0,-0.2,-0.12652000260736315
0.0,-0.2,-0.12652000260736315
0.0,-0.2,-0.12652000260736315
0.0,-0.2,-0.12652000260736315
0.0,-0.2,-0.12652000260736315
0.0,-0.2,-0.12652000260736315
0.0,-0.2,-0.12652000260736315
0.0,-0.2,-0.12652000260736315
0.0,-0.2,-0.12652000260736315
0.0,-0.2,-0.12652000260736315
0.0,-0.2,-0.12652000260736315
0.0,-0.2,-0.12652000260736315
0.0,-0.2,-0.12652000260736315
0.0,-0.2,-0.12652000260736315
0.0,-0.2,-0.12652000260736315
0.0,-0.2,-0.12652000260736315
0.0,-0.2,-0.12652000260736315
0.0,-0.2,-0.12652000260736315
0.0,-0.2,-0.12652000260736315
0.0,-0.2,-0.12652000260736315
0.0,-0.2,-0.12652000260736315
0.0,-0.2,-0.12652000260736315
0.0,-0.2,-0.12652000260736315
0.0,-0.2,-0.12652000260736315
0.0,-0.2,-0.12652000260736315
0.0,-0.2,-0.12652000260736315
0.0,-0.2,-0.12652000260736315
0.0,-0.2,-0.12652000260736315
0.0,-0.2,-0.12652000260736315
0.0,-0.2,-0.12652000260736315
0.0,-0.2,-0.12652000260736315
0.0,-0.2,-0.12652000260736315
0.0,-0.2,-0.12652000260736315
0.0,-0.2,-0.12652000260736315
0.0,-0.2,-0.12652000260736315
0.0,-0.2,-0.12652000260736315
0.0,-0.2,-0.12652000260736315
0.0,-0.2,-0.12652000260736315
0.0,-0.2,-0.12652000260736315
0.0,-0.2,-0.12652000260736315
0.0,-0.2,-0.12652000260736315
0.0,-0.2,-0.12652000260736315
0.0,-0.2,-0.12652000260736315
0.0,-0.2,-0.12652000260736315
0.0,-0.2,-0.12652000260736315
0.0,-0.2,-0.12652000260736315
0.0,-0.2,-0.12652000260736315
0.0,-0.2,-0.12652000260736315
0.0,-0.2,-0.12652000260736315
0.0,-0.2,-0.12652000260736315
0.0,-0.2,-0.12652000260736315
0.0,-0.2,-0.12652000260736315
0.0,-0.2,-0.12652000260736315
0.0,-0.2,-0.12652000260736315
0.0,-0.2,-0.12652000260736315
0.0,-0.2,-0.12652000260736315
0.0,-0.2,-0.12652000260736315
0.0,-0.2,-0.12652000260736315
0.0,-0.2,-0.12652000260736315
0.0,-0.2,-0.12652000260736315
0.0,-0.2,-0.12652000260736315
0.0,-0.2,-0.12652000260736315
0.0,-0.2,-0.12652000260736315
0.0,-0.2,-0.12652000260736315
0.0,-0.2,-0.12652000260736315
0.0,-0.2,-0.12652000260736315
0.0,-0.2,-0.12652000260736315
0.0,-0.2,-0.12652000260736315
0.0,-0.2,-0.12652000260736315
0.0,-0.2,-0.12652000260736315
0.0,-0.2,-0.12652000260736315
0.0,-0.2,-0.12652000260736315
0.0,-0.2,-0.12652000260736315
0.0,-0.2,-0.12652000260736315
0.0,-0.2,-0.12652000260736315
0.0,-0.2,-0.12652000260736315
0.0,-0.2,-0.12652000260736315
0.0,-0.2,-0.12652000260736315
0.0,-0.2,-0.12652000260736315
0.0,-0.2,-0.12652000260736315
0.0,-0.2,-0.12652000260736315
0.0,-0.2,-0.12652000260736315
0.0,-0.2,-0.12652000260736315
0.0,-0.2,-0.12652000260736315
0.0,-0.2,-0.12652000260736315
0.0,-0.2,-0.12652000260736315
0.0,-0.2,-0.12652000260736315
0.0,-0.2,-0.12652000260736315
0.0,-0.2,-0.12652000260736315
0.0,-0.2,-0.12652000260736315
0.0,-0.2,-0.12652000260736315
0.0,-0.2,-0.12652000260736315
0.0,-0.2,-0.12652000260736315
0.0,-0.2,-0.12652000260736315
0.0,-0.2,-0.12652000260736315
0.0,-0.2,-0.12652000260736315
0.0,-0.2,-0.12652000260736315
0.0,-0.2,-0.12652000260736315
0.0,-0.2,-0.12652000260736315
0.0,-0.2,-0.12652000260736315
0.0,-0.2,-0.12652000260736315
0.0,-0.2,-0.12652000260736315
0.0,-0.2,-0.12652000260736315
0.0,-0.2,-0.12652000260736315
0.0,-0.2,-0.12652000260736315
0.0,-0.2,-0.12652000260736315
0.0,-0.2,-0.12652000260736315
0.0,-0.2,-0.12652000260736315
0.0,-0.2,-0.12652000260736315
0.0,-0.2,-0.12652000260736315
0.0,-0.2,-0.12652000260736315
0.0,-0.2,-0.12652000260736315
0.0,-0.2,-0.12652000260736315
0.0,-0.2,-0.12652000260736315
0.0,-0.2,-0.12652000260736315
0.0,-0.2,-0.12652000260736315
0.0,-0.2,-0.12652000260736315
0.0,-0.2,-0.12652000260736315
0.0,-0.2,-0.12652000260736315
0.0,-0.2,-0.12652000260736315
0.0,-0.2,-0.12652000260736315
0.0,-0.2,-0.12652000260736315
0.0,-0.2,-0.12652000260736315
0.0,-0.2,-0.12652000260736315
0.0,-0.2,-0.12652000260736315
0.0,-0.2,-0.12652000260736315
0.0,-0.2,-0.12652000260736315
0.0,-0.2,-0.12652000260736315
0.0,-0.2,-0.12652000260736315
0.0,-0.2,-0.12652000260736315
0.0,-0.2,-0.12652000260736315
0.0,-0.2,-0.12652000260736315
0.0,-0.2,-0.12652000260736315
0.0,-0.2,-0.12652000260736315
0.0,-0.2,-0.12652000260736315
0.0,-0.2,-0.12652000260736315
0.0,-0.2,-0.12652000260736315
0.0,-0.2,-0.12652000260736315
0.0,-0.2,-0.12652000260736315
0.0,-0.2,-0.12652000260736315
0.0,-0.2,-0.12652000260736315
0.0,-0.2,-0.12652000260736315
0.0,-0.2,-0.12652000260736315
0.0,-0.2,-0.12652000260736315
0.0,-0.2,-0.12652000260736315
0.0,-0.2,-0.12652000260736315
0.0,-0.2,-0.12652000260736315
0.0,-0.2,-0.12652000260736315
0.0,-0.2,-0.12652000260736315
0.0,-0.2,-0.12652000260736315
0.0,-0.2,-0.12652000260736315
0.0,-0.2,-0.12652000260736315
0.0,-0.2,-0.12652000260736315
0.0,-0.2,-0.12652000260736315
0.0,-0.2,-0.12652000260736315
0.0,-0.2,-0.12652000260736315
0.0,-0.2,-0.12652000260736315
0.0,-0.2,-0.12652000260736315
0.0,-0.2,-0.12652000260736315
0.0,-0.2,-0.12652000260736315
0.0,-0.2,-0.12652000260736315
0.0,-0.2,-0.12652000260736315
0.0,-0.2,-0.12652000260736315
0.0,-0.2,-0.12652000260736315
0.0,-0.2,-0.12652000260736315
0.0,-0.2,-0.12652000260736315
0.0,-0.2,-0.12652000260736315
0.0,-0.2,-0.12652000260736315
0.0,-0.2,-0.12652000260736315
0.0,-0.2,-0.12652000260736315
0.0,-0.2,-0.12652000260736315
0.0,-0.2,-0.12652000260736315
0.0,-0.2,-0.12652000260736315
0.0,-0.2,-0.12652000260736315
0.0,-0.2,-0.12652000260736315
0.0,-0.2,-0.12652000260736315
0.0,-0.2,-0.12652000260736315
0.0,-0.2,-0.12652000260736315
0.0,-0.2,-0.12652000260736315
0.0,-0.2,-0.12652000260736315
0.0,-0.2,-0.12652000260736315
0.0,-0.2,-0.12652000260736315
0.0,-0.2,-0.12652000260736315
0.0,-0.2,-0.12652000260736315
0.0,-0.2,-0.12652000260736315
0.0,-0.2,-0.12652000260736315
0.0,-0.2,-0.12652000260736315
0.0,-0.2,-0.12652000260736315
0.0,-0.2,-0.12652000260736315
0.0,-0.2,-0.12652000260736315
0.0,-0.2,-0.12652000260736315
0.0,-0.2,-0.12652000260736315
0.0,-0.2,-0.12652000260736315
0.0,-0.2,-0.12652000260736315
0.0,-0.2,-0.12652000260736315
0.0,-0.2,-0.12652000260736315
0.0,-0.2,-0.12652000260736315
0.0,-0.2,-0.12652000260736315
0.0,-0.2,-0.12652000260736315
0.0,-0.2,-0.12652000260736315
0.0,-0.2,-0.12652000260736315
0.0,-0.2,-0.12652000260736315
0.0,-0.2,-0.12652000260736315
0.0,-0.2,-0.12652000260736315
0.0,-0.2,-0.12652000260736315
0.0,-0.2,-0.12652000260736315
0.0,-0.2,-0.12652000260736315
0.0,-0.2,-0.12652000260736315
0.0,-0.2,-0.12652000260736315
0.0,-0.2,-0.12652000260736315
0.0,-0.2,-0.12652000260736315
0.0,-0.2,-0.12652000260736315
0.0,-0.2,-0.12652000260736315
0.0,-0.2,-0.12652000260736315
0.0,-0.2,-0.12652000260736315
0.0,-0.2,-0.12652000260736315
0.0,-0.2,-0.12652000260736315
0.0,-0.2,-0.12652000260736315
0.0,-0.2,-0.12652000260736315
0.0,-0.2,-0.12652000260736315
0.0,-0.2,-0.12652000260736315
0.0,-0.2,-0.12652000260736315
0.0,-0.2,-0.12652000260736315
0.0,-0.2,-0.12652000260736315
0.0,-0.2,-0.12652000260736315
0.0,-0.2,-0.12652000260736315
0.0,-0.2,-0.12652000260736315
0.0,-0.2,-0.12652000260736315
0.0,-0.2,-0.12652000260736315
0.0,-0.2,-0.12652000260736315
0.0,-0.2,-0.12652000260736315
0.0,-0.2,-0.12652000260736315
0.0,-0.2,-0.12652000260736315
0.0,-0.2,-0.12652000260736315
0.0,-0.2,-0.12652000260736315
0.0,-0.2,-0.12652000260736315
0.0,-0.2,-0.12652000260736315
0.0,-0.2,-0.12652000260736315
0.0,-0.2,-0.12652000260736315
0.0,-0.2,-0.12652000260736315
0.0,-0.2,-0.12652000260736315
0.0,-0.2,-0.12652000260736315
0.0,-0.2,-0.12652000260736315
0.0,-0.2,-0.12652000260736315
0.0,-0.2,-0.12652000260736315
0.0,-0.2,-0.12652000260736315
0.0,-0.2,-0.12652000260736315
0.0,-0.2,-0.12652000260736315
0.0,-0.2,-0.12652000260736315
0.0,-0.2,-0.12652000260736315
0.0,-0.2,-0.12652000260736315
0.0,-0.2,-0.12652000260736315
0.0,-0.2,-0.12652000260736315
0.0,-0.2,-0.12652000260736315
0.0,-0.2,-0.12652000260736315
0.0,-0.2,-0.12652000260736315
0.0,-0.2,-0.12652000260736315
0.0,-0.2,-0.12652000260736315
0.0,-0.2,-0.12652000260736315
0.0,-0.2,-0.12652000260736315
0.0,-0.2,-0.12652000260736315
0.0,-0.2,-0.12652000260736315
0.0,-0.2,-0.12652000260736315
0.0,-0.2,-0.12652000260736315
0.0,-0.2,-0.12652000260736315
0.0,-0.2,-0.12652000260736315
0.0,-0.2,-0.12652000260736315
0.0,-0.2,-0.12652000260736315
0.0,-0.2,-0.12652000260736315
0.0,-0.2,-0.12652000260736315
0.0,-0.2,-0.12652000260736315
0.0,-0.2,-0.12652000260736315
0.0,-0.2,-0.12652000260736315
0.0,-0.2,-0.12652000260736315
0.0,-0.2,-0.12652000260736315
0.0,-0.2,-0.12652000260736315
0.0,-0.2,-0.12652000260736315
0.0,-0.2,-0.12652000260736315
0.0,-0.2,-0.12652000260736315
0.0,-0.2,-0.12652000260736315
0.0,-0.2,-0.12652000260736315
0.0,-0.2,-0.12652000260736315
0.0,-0.2,-0.12652000260736315
0.0,-0.2,-0.12652000260736315
0.0,-0.2,-0.12652000260736315
0.0,-0.2,-0.12652000260736315
0.0,-0.2,-0.12652000260736315
0.0,-0.2,-0.12652000260736315
0.0,-0.2,-0.12652000260736315
0.0,-0.2,-0.12652000260736315
0.0,-0.2,-0.12652000260736315
0.0,-0.2,-0.12652000260736315
0.0,-0.2,-0.12652000260736315
0.0,-0.2,-0.12652000260736315
0.0,-0.2,-0.12652000260736315
0.0,-0.2,-0.12652000260736315
0.0,-0.2,-0.12652000260736315
0.0,-0.2,-0.12652000260736315
0.0,-0.2,-0.12652000260736315
0.0,-0.2,-0.12652000260736315
0.0,-0.2,-0.12652000260736315
0.0,-0.2,-0.12652000260736315
0.0,-0.2,-0.12652000260736315
0.0,-0.2,-0.12652000260736315
0.0,-0.2,-0.12652000260736315
0.0,-0.2,-0.12652000260736315
0.0,-0.2,-0.12652000260736315
0.0,-0.2,-0.12652000260736315
0.0,-0.2,-0.12652000260736315
0.0,-0.2,-0.12652000260736315
0.0,-0.2,-0.12652000260736315
0.0,-0.2,-0.12652000260736315
0.0,-0.2,-0.12652000260736315
0.0,-0.2,-0.12652000260736315
0.0,-0.2,-0.12652000260736315
0.0,-0.2,-0.12652000260736315
0.0,-0.2,-0.12652000260736315
0.0,-0.2,-0.12652000260736315
0.0,-0.2,-0.12652000260736315
0.0,-0.2,-0.12652000260736315
0.0,-0.2,-0.12652000260736315
0.0,-0.2,-0.12652000260736315
0.0,-0.2,-0.12652000260736315
0.0,-0.2,-0.12652000260736315
0.0,-0.2,-0.12652000260736315
0.0,-0.2,-0.12652000260736315
0.0,-0.2,-0.12652000260736315
0.0,-0.2,-0.12652000260736315
0.0,-0.2,-0.12652000260736315
0.0,-0.2,-0.12652000260736315
0.0,-0.2,-0.12652000260736315
0.0,-0.2,-0.12652000260736315
0.0,-0.2,-0.12652000260736315
0.0,-0.2,-0.12652000260736315
0.0,-0.2,-0.12652000260736315
0.0,-0.2,-0.12652000260736315
0.0,-0.2,-0.12652000260736315
0.0,-0.2,-0.12652000260736315
0.0,-0.2,-0.12652000260736315
0.0,-0.2,-0.12652000260736315
0.0,-0.2,-0.12652000260736315
0.0,-0.2,-0.12652000260736315
0.0,-0.2,-0.12652000260736315
0.0,-0.2,-0.12652000260736315
0.0,-0.2,-0.12652000260736315
0.0,-0.2,-0.12652000260736315
0.0,-0.2,-0.12652000260736315
0.0,-0.2,-0.12652000260736315
0.0,-0.2,-0.12652000260736315
0.0,-0.2,-0.12652000260736315
0.0,-0.2,-0.12652000260736315
0.0,-0.2,-0.12652000260736315
0.0,-0.2,-0.12652000260736315
0.0,-0.2,-0.12652000260736315
0.0,-0.2,-0.12652000260736315
0.0,-0.2,-0.12652000260736315
0.0,-0.2,-0.12652000260736315
0.0,-0.2,-0.12652000260736315
0.0,-0.2,-0.12652000260736315
0.0,-0.2,-0.12652000260736315
0.0,-0.2,-0.12652000260736315
0.0,-0.2,-0.12652000260736315
0.0,-0.2,-0.12652000260736315
0.0,-0.2,-0.12652000260736315
0.0,-0.2,-0.12652000260736315
0.0,-0.2,-0.12652000260736315
0.0,-0.2,-0.12652000260736315
0.0,-0.2,-0.12652000260736315
0.0,-0.2,-0.12652000260736315
0.0,-0.2,-0.12652000260736315
0.0,-0.2,-0.12652000260736315
0.0,-0.2,-0.12652000260736315
0.0,-0.2,-0.12652000260736315
0.0,-0.2,-0.12652000260736315
0.0,-0.2,-0.12652000260736315
0.0,-0.2,-0.12652000260736315
0.0,-0.2,-0.12652000260736315
0.0,-0.2,-0.12652000260736315
0.0,-0.2,-0.12652000260736315
0.0,-0.2,-0.12652000260736315
0.0,-0.2,-0.12652000260736315
0.0,-0.2,-0.12652000260736315
0.0,-0.2,-0.12652000260736315
0.0,-0.2,-0.12652000260736315
0.0,-0.2,-0.12652000260736315
0.0,-0.2,-0.12652000260736315
0.0,-0.2,-0.12652000260736315
0.0,-0.2,-0.12652000260736315
0.0,-0.2,-0.12652000260736315
0.0,-0.2,-0.12652000260736315
0.0,-0.2,-0.12652000260736315
0.0,-0.2,-0.12652000260736315
0.0,-0.2,-0.12652000260736315
0.0,-0.2,-0.12652000260736315
0.0,-0.2,-0.12652000260736315
0.0,-0.2,-0.12652000260736315
0.0,-0.2,-0.12652000260736315
0.0,-0.2,-0.12652000260736315
0.0,-0.2,-0.12652000260736315
0.0,-0.2,-0.12652000260736315
0.0,-0.2,-0.12652000260736315
0.0,-0.2,-0.12652000260736315
0.0,-0.2,-0.12652000260736315
0.0,-0.2,-0.12652000260736315
0.0,-0.2,-0.12652000260736315
0.0,-0.2,-0.12652000260736315
0.0,-0.2,-0.12652000260736315
0.0,-0.2,-0.12652000260736315
0.0,-0.2,-0.12652000260736315
0.0,-0.2,-0.12652000260736315
0.0,-0.2,-0.12652000260736315
0.0,-0.2,-0.12652000260736315
0.0,-0.2,-0.12652000260736315
0.0,-0.2,-0.12652000260736315
0.0,-0.2,-0.12652000260736315
0.0,-0.2,-0.12652000260736315
0.0,-0.2,-0.12652000260736315
0.0,-0.2,-0.12652000260736315
0.0,-0.2,-0.12652000260736315
0.0,-0.2,-0.12652000260736315
0.0,-0.2,-0.12652000260736315
0.0,-0.2,-0.12652000260736315
0.0,-0.2,-0.12652000260736315
0.0,-0.2,-0.12652000260736315
0.0,-0.2,-0.12652000260736315
0.0,-0.2,-0.12652000260736315
0.0,-0.2,-0.12652000260736315
0.0,-0.2,-0.12652000260736315
0.0,-0.2,-0.12652000260736315
0.0,-0.2,-0.12652000260736315
0.0,-0.2,-0.12652000260736315
0.0,-0.2,-0.12652000260736315
0.0,-0.2,-0.12652000260736315
0.0,-0.2,-0.12652000260736315
0.0,-0.2,-0.12652000260736315
0.0,-0.2,-0.12652000260736315
0.0,-0.2,-0.12652000260736315
0.0,-0.2,-0.12652000260736315
0.0,-0.2,-0.12652000260736315
0.0,-0.2,-0.12652000260736315
0.0,-0.2,-0.12652000260736315
0.0,-0.2,-0.12652000260736315
0.0,-0.2,-0.12652000260736315
0.0,-0.2,-0.12652000260736315
0.0,-0.2,-0.12652000260736315
0.0,-0.2,-0.12652000260736315
0.0,-0.2,-0.12652000260736315
0.0,-0.2,-0.12652000260736315
0.0,-0.2,-0.12652000260736315
0.0,-0.2,-0.12652000260736315
0.0,-0.2,-0.12652000260736315
0.0,-0.2,-0.12652000260736315
0.0,-0.2,-0.12652000260736315
0.0,-0.2,-0.12652000260736315
0.0,-0.2,-0.12652000260736315
0.0,-0.2,-0.12652000260736315
0.0,-0.2,-0.12652000260736315
0.0,-0.2,-0.12652000260736315
0.0,-0.2,-0.12652000260736315
0.0,-0.2,-0.12652000260736315
0.0,-0.2,-0.12652000260736315
0.0,-0.2,-0.12652000260736315
0.0,-0.2,-0.12652000260736315
0.0,-0.2,-0.12652000260736315
0.0,-0.2,-0.12652000260736315
0.0,-0.2,-0.12652000260736315
0.0,-0.2,-0.12652000260736315
0.0,-0.2,-0.12652000260736315
0.0,-0.2,-0.12652000260736315
0.0,-0.2,-0.12652000260736315
0.0,-0.2,-0.12652000260736315
0.0,-0.2,-0.12652000260736315
0.0,-0.2,-0.12652000260736315
0.0,-0.2,-0.12652000260736315
0.0,-0.2,-0.12652000260736315
0.0,-0.2,-0.12652000260736315
0.0,-0.2,-0.12652000260736315
0.0,-0.2,-0.12652000260736315
0.0,-0.2,-0.12652000260736315
0.0,-0.2,-0.12652000260736315
0.0,-0.2,-0.12652000260736315
0.0,-0.2,-0.12652000260736315
0.0,-0.2,-0.12652000260736315
0.0,-0.2,-0.12652000260736315
0.0,-0.2,-0.12652000260736315
0.0,-0.2,-0.12652000260736315
0.0,-0.2,-0.12652000260736315
0.0,-0.2,-0.12652000260736315
0.0,-0.2,-0.12652000260736315
0.0,-0.2,-0.12652000260736315
0.0,-0.2,-0.12652000260736315
0.0,-0.2,-0.12652000260736315
0.0,-0.2,-0.12652000260736315
0.0,-0.2,-0.12652000260736315
0.0,-0.2,-0.12652000260736315
0.0,-0.2,-0.12652000260736315
0.0,-0.2,-0.12652000260736315
0.0,-0.2,-0.12652000260736315
0.0,-0.2,-0.12652000260736315
0.0,-0.2,-0.12652000260736315
0.0,-0.2,-0.12652000260736315
0.0,-0.2,-0.12652000260736315
0.0,-0.2,-0.12652000260736315
0.0,-0.2,-0.12652000260736315
0.0,-0.2,-0.12652000260736315
0.0,-0.2,-0.12652000260736315
0.0,-0.2,-0.12652000260736315
0.0,-0.2,-0.12652000260736315
0.0,-0.2,-0.12652000260736315
0.0,-0.2,-0.12652000260736315
0.0,-0.2,-0.12652000260736315
0.0,-0.2,-0.12652000260736315
0.0,-0.2,-0.12652000260736315
0.0,-0.2,-0.12652000260736315
0.0,-0.2,-0.12652000260736315
0.0,-0.2,-0.12652000260736315
0.0,-0.2,-0.12652000260736315
0.0,-0.2,-0.12652000260736315
0.0,-0.2,-0.12652000260736315
0.0,-0.2,-0.12652000260736315
0.0,-0.2,-0.12652000260736315
0.0,-0.2,-0.12652000260736315
0.0,-0.2,-0.12652000260736315
0.0,-0.2,-0.12652000260736315
0.0,-0.2,-0.12652000260736315
0.0,-0.2,-0.12652000260736315
0.0,-0.2,-0.12652000260736315
0.0,-0.2,-0.12652000260736315
0.0,-0.2,-0.12652000260736315
0.0,-0.2,-0.12652000260736315
0.0,-0.2,-0.12652000260736315
0.0,-0.2,-0.12652000260736315
0.0,-0.2,-0.12652000260736315
0.0,-0.2,-0.12652000260736315
0.0,-0.2,-0.12652000260736315
0.0,-0.2,-0.12652000260736315
0.0,-0.2,-0.12652000260736315
0.0,-0.2,-0.12652000260736315
0.0,-0.2,-0.12652000260736315
0.0,-0.2,-0.12652000260736315
0.0,-0.2,-0.12652000260736315
0.0,-0.2,-0.12652000260736315
0.0,-0.2,-0.12652000260736315
0.0,-0.2,-0.12652000260736315
0.0,-0.2,-0.12652000260736315
0.0,-0.2,-0.12652000260736315
0.0,-0.2,-0.12652000260736315
0.0,-0.2,-0.12652000260736315
0.0,-0.2,-0.12652000260736315
0.0,-0.2,-0.12652000260736315
0.0,-0.2,-0.12652000260736315
0.0,-0.2,-0.12652000260736315
0.0,-0.2,-0.12652000260736315
0.0,-0.2,-0.12652000260736315
0.0,-0.2,-0.12652000260736315
0.0,-0.2,-0.12652000260736315
0.0,-0.2,-0.12652000260736315
0.0,-0.2,-0.12652000260736315
0.0,-0.2,-0.12652000260736315
0.0,-0.2,-0.12652000260736315
0.0,-0.2,-0.12652000260736315
0.0,-0.2,-0.12652000260736315
0.0,-0.2,-0.12652000260736315
0.0,-0.2,-0.12652000260736315
0.0,-0.2,-0.12652000260736315
0.0,-0.2,-0.12652000260736315
0.0,-0.2,-0.12652000260736315
0.0,-0.2,-0.12652000260736315
0.0,-0.2,-0.12652000260736315
0.0,-0.2,-0.12652000260736315
0.0,-0.2,-0.12652000260736315
0.0,-0.2,-0.12652000260736315
0.0,-0.2,-0.12652000260736315
0.0,-0.2,-0.12652000260736315
0.0,-0.2,-0.12652000260736315
0.0,-0.2,-0.12652000260736315
0.0,-0.2,-0.12652000260736315
0.0,-0.2,-0.12652000260736315
0.0,-0.2,-0.12652000260736315
0.0,-0.2,-0.12652000260736315
0.0,-0.2,-0.12652000260736315
0.0,-0.2,-0.12652000260736315
0.0,-0.2,-0.12652000260736315
0.0,-0.2,-0.12652000260736315
0.0,-0.2,-0.12652000260736315
0.0,-0.2,-0.12652000260736315
0.0,-0.2,-0.12652000260736315
0.0,-0.2,-0.12652000260736315
0.0,-0.2,-0.12652000260736315
0.0,-0.2,-0.12652000260736315
0.0,-0.2,-0.12652000260736315
0.0,-0.2,-0.12652000260736315
0.0,-0.2,-0.12652000260736315
0.0,-0.2,-0.12652000260736315
0.0,-0.2,-0.12652000260736315
0.0,-0.2,-0.12652000260736315
0.0,-0.2,-0.12652000260736315
0.0,-0.2,-0.12652000260736315
0.0,-0.2,-0.12652000260736315
0.0,-0.2,-0.12652000260736315
0.0,-0.2,-0.12652000260736315
0.0,-0.2,-0.12652000260736315
0.0,-0.2,-0.12652000260736315
0.0,-0.2,-0.12652000260736315
0.0,-0.2,-0.12652000260736315
0.0,-0.2,-0.12652000260736315
0.0,-0.2,-0.12652000260736315
0.0,-0.2,-0.12652000260736315
0.0,-0.2,-0.12652000260736315
0.0,-0.2,-0.12652000260736315
0.0,-0.2,-0.12652000260736315
0.0,-0.2,-0.12652000260736315
0.0,-0.2,-0.12652000260736315
0.0,-0.2,-0.12652000260736315
0.0,-0.2,-0.12652000260736315
0.0,-0.2,-0.12652000260736315
0.0,-0.2,-0.12652000260736315
0.0,-0.2,-0.12652000260736315
0.0,-0.2,-0.12652000260736315
0.0,-0.2,-0.12652000260736315
0.0,-0.2,-0.12652000260736315
0.0,-0.2,-0.12652000260736315
0.0,-0.2,-0.12652000260736315
0.0,-0.2,-0.12652000260736315
0.0,-0.2,-0.12652000260736315
0.0,-0.2,-0.12652000260736315
0.0,-0.2,-0.12652000260736315
0.0,-0.2,-0.12652000260736315
0.0,-0.2,-0.12652000260736315
0.0,-0.2,-0.12652000260736315
0.0,-0.2,-0.12652000260736315
0.0,-0.2,-0.12652000260736315
0.0,-0.2,-0.12652000260736315
0.0,-0.2,-0.12652000260736315
0.0,-0.2,-0.12652000260736315
0.0,-0.2,-0.12652000260736315
0.0,-0.2,-0.12652000260736315
0.0,-0.2,-0.12652000260736315
0.0,-0.2,-0.12652000260736315
0.0,-0.2,-0.12652000260736315
0.0,-0.2,-0.12652000260736315
0.0,-0.2,-0.12652000260736315
0.0,-0.2,-0.12652000260736315
0.0,-0.2,-0.12652000260736315
0.0,-0.2,-0.12652000260736315
0.0,-0.2,-0.12652000260736315
0.0,-0.2,-0.12652000260736315
0.0,-0.2,-0.12652000260736315
0.0,-0.2,-0.12652000260736315
0.0,-0.2,-0.12652000260736315
0.0,-0.2,-0.12652000260736315
0.0,-0.2,-0.12652000260736315
0.0,-0.2,-0.12652000260736315
0.0,-0.2,-0.12652000260736315
0.0,-0.2,-0.12652000260736315
0.0,-0.2,-0.12652000260736315
0.0,-0.2,-0.12652000260736315
0.0,-0.2,-0.12652000260736315
0.0,-0.2,-0.12652000260736315
0.0,-0.2,-0.12652000260736315
0.0,-0.2,-0.12652000260736315
0.0,-0.2,-0.12652000260736315
0.0,-0.2,-0.12652000260736315
0.0,-0.2,-0.12652000260736315
0.0,-0.2,-0.12652000260736315
0.0,-0.2,-0.12652000260736315
0.0,-0.2,-0.12652000260736315
0.0,-0.2,-0.12652000260736315
0.0,-0.2,-0.12652000260736315
0.0,-0.2,-0.12652000260736315
0.0,-0.2,-0.12652000260736315
0.0,-0.2,-0.12652000260736315
0.0,-0.2,-0.12652000260736315
0.0,-0.2,-0.12652000260736315
0.0,-0.2,-0.12652000260736315
0.0,-0.2,-0.12652000260736315
0.0,-0.2,-0.12652000260736315
0.0,-0.2,-0.12652000260736315
0.0,-0.2,-0.12652000260736315
0.0,-0.2,-0.12652000260736315
0.0,-0.2,-0.12652000260736315
0.0,-0.2,-0.12652000260736315
0.0,-0.2,-0.12652000260736315
0.0,-0.2,-0.12652000260736315
0.0,-0.2,-0.12652000260736315
0.0,-0.2,-0.12652000260736315
0.0,-0.2,-0.12652000260736315
0.0,-0.2,-0.12652000260736315
0.0,-0.2,-0.12652000260736315
0.0,-0.2,-0.12652000260736315
0.0,-0.2,-0.12652000260736315
0.0,-0.2,-0.12652000260736315
0.0,-0.2,-0.12652000260736315
0.0,-0.2,-0.12652000260736315
0.0,-0.2,-0.12652000260736315
0.0,-0.2,-0.12652000260736315
0.0,-0.2,-0.12652000260736315
0.0,-0.2,-0.12652000260736315
0.0,-0.2,-0.12652000260736315
0.0,-0.2,-0.12652000260736315
0.0,-0.2,-0.12652000260736315
0.0,-0.2,-0.12652000260736315
0.0,-0.2,-0.12652000260736315
0.0,-0.2,-0.12652000260736315
0.0,-0.2,-0.12652000260736315
0.0,-0.2,-0.12652000260736315
0.0,-0.2,-0.12652000260736315
0.0,-0.2,-0.12652000260736315
0.0,-0.2,-0.12652000260736315
0.0,-0.2,-0.12652000260736315
0.0,-0.2,-0.12652000260736315
0.0,-0.2,-0.12652000260736315
0.0,-0.2,-0.12652000260736315
0.0,-0.2,-0.12652000260736315
0.0,-0.2,-0.12652000260736315
0.0,-0.2,-0.12652000260736315
0.0,-0.2,-0.12652000260736315
0.0,-0.2,-0.12652000260736315
0.0,-0.2,-0.12652000260736315
0.0,-0.2,-0.12652000260736315
0.0,-0.2,-0.12652000260736315
0.0,-0.2,-0.12652000260736315
0.0,-0.2,-0.12652000260736315
0.0,-0.2,-0.12652000260736315
0.0,-0.2,-0.12652000260736315
0.0,-0.2,-0.12652000260736315
0.0,-0.2,-0.12652000260736315
0.0,-0.2,-0.12652000260736315
0.0,-0.2,-0.12652000260736315
0.0,-0.2,-0.12652000260736315
0.0,-0.2,-0.12652000260736315
0.0,-0.2,-0.12652000260736315
0.0,-0.2,-0.12652000260736315
0.0,-0.2,-0.12652000260736315
0.0,-0.2,-0.12652000260736315
0.0,-0.2,-0.12652000260736315
0.0,-0.2,-0.12652000260736315
0.0,-0.2,-0.12652000260736315
0.0,-0.2,-0.12652000260736315
0.0,-0.2,-0.12652000260736315
0.0,-0.2,-0.12652000260736315
0.0,-0.2,-0.12652000260736315
0.0,-0.2,-0.12652000260736315
0.0,-0.2,-0.12652000260736315
0.0,-0.2,-0.12652000260736315
0.0,-0.2,-0.12652000260736315
0.0,-0.2,-0.12652000260736315
0.0,-0.2,-0.12652000260736315
0.0,-0.2,-0.12652000260736315
0.0,-0.2,-0.12652000260736315
0.0,-0.2,-0.12652000260736315
0.0,-0.2,-0.12652000260736315
0.0,-0.2,-0.12652000260736315
0.0,-0.2,-0.12652000260736315
0.0,-0.2,-0.12652000260736315
0.0,-0.2,-0.12652000260736315
0.0,-0.2,-0.12652000260736315
0.0,-0.2,-0.12652000260736315
0.0,-0.2,-0.12652000260736315
0.0,-0.2,-0.12652000260736315
0.0,-0.2,-0.12652000260736315
0.0,-0.2,-0.12652000260736315
0.0,-0.2,-0.12652000260736315
0.0,-0.2,-0.12652000260736315
0.0,-0.2,-0.12652000260736315
0.0,-0.2,-0.12652000260736315
0.0,-0.2,-0.12652000260736315
0.0,-0.2,-0.12652000260736315
0.0,-0.2,-0.12652000260736315
0.0,-0.2,-0.12652000260736315
0.0,-0.2,-0.12652000260736315
0.0,-0.2,-0.12652000260736315
0.0,-0.2,-0.12652000260736315
0.0,-0.2,-0.12652000260736315
0.0,-0.2,-0.12652000260736315
0.0,-0.2,-0.12652000260736315
0.0,-0.2,-0.12652000260736315
0.0,-0.2,-0.12652000260736315
0.0,-0.2,-0.12652000260736315
0.0,-0.2,-0.12652000260736315
0.0,-0.2,-0.12652000260736315
0.0,-0.2,-0.12652000260736315
0.0,-0.2,-0.12652000260736315
0.0,-0.2,-0.12652000260736315
0.0,-0.2,-0.12652000260736315
0.0,-0.2,-0.12652000260736315
0.0,-0.2,-0.12652000260736315
0.0,-0.2,-0.12652000260736315
0.0,-0.2,-0.12652000260736315
0.0,-0.2,-0.12652000260736315
0.0,-0.2,-0.12652000260736315
0.0,-0.2,-0.12652000260736315
0.0,-0.2,-0.12652000260736315
0.0,-0.2,-0.12652000260736315
0.0,-0.2,-0.12652000260736315
0.0,-0.2,-0.12652000260736315
0.0,-0.2,-0.12652000260736315
0.0,-0.2,-0.12652000260736315
0.0,-0.2,-0.12652000260736315
0.0,-0.2,-0.12652000260736315
0.0,-0.2,-0.12652000260736315
0.0,-0.2,-0.12652000260736315
0.0,-0.2,-0.12652000260736315
0.0,-0.2,-0.12652000260736315
0.0,-0.2,-0.12652000260736315
0.0,-0.2,-0.12652000260736315
0.0,-0.2,-0.12652000260736315
0.0,-0.2,-0.12652000260736315
0.0,-0.2,-0.12652000260736315
0.0,-0.2,-0.12652000260736315
0.0,-0.2,-0.12652000260736315
0.0,-0.2,-0.12652000260736315
0.0,-0.2,-0.12652000260736315
0.0,-0.2,-0.12652000260736315
0.0,-0.2,-0.12652000260736315
0.0,-0.2,-0.12652000260736315
0.0,-0.2,-0.12652000260736315
0.0,-0.2,-0.12652000260736315
0.0,-0.2,-0.12652000260736315
0.0,-0.2,-0.12652000260736315
0.0,-0.2,-0.12652000260736315
0.0,-0.2,-0.12652000260736315
0.0,-0.2,-0.12652000260736315
0.0,-0.2,-0.12652000260736315
0.0,-0.2,-0.12652000260736315
0.0,-0.2,-0.12652000260736315
0.0,-0.2,-0.12652000260736315
0.0,-0.2,-0.12652000260736315
0.0,-0.2,-0.12652000260736315
0.0,-0.2,-0.12652000260736315
0.0,-0.2,-0.12652000260736315
0.0,-0.2,-0.12652000260736315
0.0,-0.2,-0.12652000260736315
0.0,-0.2,-0.12652000260736315
0.0,-0.2,-0.12652000260736315
0.0,-0.2,-0.12652000260736315
0.0,-0.2,-0.12652000260736315
0.0,-0.2,-0.12652000260736315
0.0,-0.2,-0.12652000260736315
0.0,-0.2,-0.12652000260736315
0.0,-0.2,-0.12652000260736315
0.0,-0.2,-0.12652000260736315
0.0,-0.2,-0.12652000260736315
0.0,-0.2,-0.12652000260736315
0.0,-0.2,-0.12652000260736315
0.0,-0.2,-0.12652000260736315
0.0,-0.2,-0.12652000260736315
0.0,-0.2,-0.12652000260736315
0.0,-0.2,-0.12652000260736315
0.0,-0.2,-0.12652000260736315
0.0,-0.2,-0.12652000260736315
0.0,-0.2,-0.12652000260736315
0.0,-0.2,-0.12652000260736315
0.0,-0.2,-0.12652000260736315
0.0,-0.2,-0.12652000260736315
0.0,-0.2,-0.12652000260736315
0.0,-0.2,-0.12652000260736315
0.0,-0.2,-0.12652000260736315
0.0,-0.2,-0.12652000260736315
0.0,-0.2,-0.12652000260736315
0.0,-0.2,-0.12652000260736315
0.0,-0.2,-0.12652000260736315
0.0,-0.2,-0.12652000260736315
0.0,-0.2,-0.12652000260736315
0.0,-0.2,-0.12652000260736315
