0,0,0
0,0,0.0
0,0,0.0
0,0.0,0.0
0,0.0,0.0
0,0.0,0.0
0,0.0,0.0
0,0.0,0.0
0,0.0,0.0
0,0.0,0.0
0,0.0,0.0
0,0.0,0.0
0,0.0,0.0
0,0.0,0.0
0,0.0,0.0
0,0.0,0.0
0,0.0,0.0
0,0.0,0.0
0,0.0,0.0
0,0,0.0
0,0,0.0
0,0,0.0
0,0,0.0
0,0,0.0
0,0,0.0
0,0,0.0
0,0,0.0
0,0,0.0
0,0,0.0
0,0,0.0
0,0,0.0
0,0,0.0
0,0,0.0
0,0,0.0
0,0,0.0
0,0,0.0
0,0,0.0
0,0,0.0
0,0,0.0
0,0,0.0
0,0,0.0
0,0,0.0
0,0,0.0
0,0,0.0
0,0,0.0
0,0,0.0
0,0,0.0
0,0,0.0
0,0,0.0
0,0,0.0
0,0,0.0
0,0,0.0
0,0,0.0
0,0,0.0
0,0,0.0
0,0,0.0
0,0,0.0
0,0,0.0
0,0,0.0
0,0,0.0
0,0,0.0
0,0,0.0
0,0,0.0
0,0,0.0
0,0,0.0
0,0,0.0
0,0,0.0
0,0,0.0
0,0,0.0
0,0,0.0
0,0,0.0
0,0,0.0
0,0,0.0
0,0,0.0
0,0,0.0
0,0,0.0
0,0,0.0
0,0,0.0
0,0,0.0
0,0,0.0
0,0,0.0
0,0,0.0
0,0,0.0
0,0,0.0
0,0,0.0
0,0,0.0
0,0,0.0
0,0,0.0
0,0,0.0
0,0,0.0
0,0,0.0
0,0,0.0
0,0,0.0
0,0,0.0
0,0,0.0
0,0,0.0
0,0,0.0
0,0,0.0
0,0,0.0
0,0,0.0
0,0,0.0
0,0,0.0
0,0,0.0
0,0,0.0
0,0,0.0
0,0,0.0
0,0,0.0
0,0,0.0
0,0,0.0
0,0,0.0
0,0,0.0
0,0,0.0
0,0,0.0
0,0,0.0
0,0,0.0
0,0,0.0
0,0,0.0
0,0,0.0
0,0,0.0
0,0,0.0
0,0,0.0
0,0,0.0
0,0,0.0
0,0,0.0
0,0,0.0
0,0,0.0
0,0,0.0
0,0,0.0
0,0,0.0
0,0,0.0
0,0,0.0
0,0,0.0
0,0,0.0
0,0,0.0
1.0,-0.005641122769521875,0.0
1.0,0.15043487088737212,0.0
1.0,0.2,0.0399445132839142
1.0,0.2,0.07993675532970505
1.0,0.2,0.11993238544218658
1.0,0.2,0.1599132188497548
1.0,0.2,0.19985148506171987
1.0,0.2,0.23983050062229883
1.0,0.2,0.27980752806257986
1.0,0.2,0.3197843402690348
1.0,0.2,0.35976065931479045
1.0,0.2,0.39974397353369845
1.0,0.2,0.4397232803009666
1.0,0.2,0.4797712618519059
1.0,0.2,0.5196824231210585
1.0,0.2,0.5596595023921065
1.0,0.2,0.5996701430620094
1.0,0.2,0.6396503910785711
1.0,0.2,0.679626698046953
1.0,0.2,0.7196178903642466
1.0,0.2,0.7595511477121
1.0,0.1832550644548931,0.7961796690367274
1.0,0.16417396509974483,0.8290416258810367
1.0,0.14655561170731812,0.8583009135634059
1.0,0.13090931937801828,0.884468214670142
1.0,0.11700776540897975,0.9078772568536295
1.0,0.10454796310147757,0.928759370506883
1.0,0.09336907586226531,0.9474242957418829
1.0,0.08336592834991724,0.9640889363789014
1.0,0.07441492666863334,0.9789629006143559
1.0,0.06639885841427647,0.9922375408193348
1.0,0.05922148855164137,1.0040757574461359
1.0,0.052796048696412606,1.0146381439042365
1.0,0.0470427400760981,1.0240417692807697
1.0,0.04189106567809417,1.0324191664791698
1.0,0.037280800790722046,1.0398688468962272
1.0,0.033154853687201946,1.0464963569662802
1.0,0.02946247102535837,1.0523866630325214
1.0,0.026157033521781923,1.057610363334664
1.0,0.02319876387759737,1.0622512052429878
1.0,0.020551416338226196,1.0663623667356545
1.0,0.01817969589072156,1.0699949034210898
1.0,0.016056638797296664,1.073204558712786
1.0,0.01415821377463139,1.076037713680185
1.0,0.012459779894012805,1.0785239937934281
1.0,0.010940046918016554,1.0807111133990956
1.0,0.009580538277354222,1.082626234642656
1.0,0.008364237616945165,1.0842982951863191
1.0,0.0072742620248620535,1.0857525831618298
1.0,0.006300701785088493,1.087012945152643
1.0,0.005428961483855202,1.0880974421142513
1.0,0.0046487898792018575,1.0890276653689923
1.0,0.0039518589137766055,1.089817609725748
1.0,0.003329408169548312,1.0904826735633888
1.0,0.0027724027052654088,1.0910374100911662
1.0,0.002274515381710404,1.0914920733526707
1.0,0.0018302945848987576,1.091857681991447
1.0,0.0014318992070285058,1.0921442835753283
1.0,0.0010776355387391648,1.0923596396162847
1.0,0.0007598041791868765,1.0925114251682086
1.0,0.00047729537997001636,1.0926069108670755
1.0,0.00022505902443124143,1.0926518847038507
1.0,6.485410759121679e-08,1.0926518976637936
1.0,-0.00020169673838893454,1.092651910640012
1.0,-0.00038602632425845107,1.0926519235950565
1.0,-0.0005681100034741343,1.0926519235950565
1.0,-0.0007540549949303088,1.0926519235950565
1.0,-0.0009407381243233537,1.0926519235950565
1.0,-0.0011251272447255767,1.0926519235950565
1.0,-0.0013112764353277323,1.0926519235950565
1.0,-0.0014955687415814448,1.0926519235950565
1.0,-0.0016809438367332702,1.0926519235950565
1.0,-0.0018660594875707162,1.0926519235950565
1.0,-0.0020517455044705493,1.0926519235950565
1.0,-0.002236657078599949,1.0926519235950565
1.0,-0.002422583182151522,1.0926519235950565
1.0,-0.002608367120751409,1.0926519235950565
1.0,-0.0027926552322513135,1.0926519235950565
1.0,-0.0029780735966868158,1.0926519235950565
1.0,-0.003163377783644193,1.0926519235950565
1.0,-0.003349071293096584,1.0926519235950565
1.0,-0.0035337826171686557,1.0926519235950565
1.0,-0.003719711156094728,1.0926519235950565
1.0,-0.0039047961505231585,1.0926519235950565
1.0,-0.0040904029824680235,1.0926519235950565
1.0,-0.004275770928978878,1.0926519235950565
1.0,-0.004460651359658854,1.0926519235950565
1.0,-0.004645174450409004,1.0926519235950565
1.0,-0.004830500244986581,1.0926519235950565
1.0,-0.0050162974201216695,1.0926519235950565
1.0,-0.0052020801860313964,1.0926519235950565
1.0,-0.005386939524500138,1.0926519235950565
1.0,-0.005571784029395607,1.0926519235950565
1.0,-0.005757798158276685,1.0926519235950565
1.0,-0.00594272271165458,1.0926519235950565
1.0,-0.006132062119926611,1.0926519235950565
1.0,-0.006313495877737781,1.0926519235950565
1.0,-0.0064987226968981696,1.0926519235950565
1.0,-0.006683412558321,1.0926519235950565
1.0,-0.006868189410634898,1.0926519235950565
1.0,-0.007054906769469169,1.0926519235950565
1.0,-0.007240026180960611,1.0926519235950565
1.0,-0.007426287843353432,1.0926519235950565
1.0,-0.0076115383823327845,1.0926519235950565
1.0,-0.007796929666069714,1.0926519235950565
1.0,-0.007981171529499426,1.0926519235950565
1.0,-0.008166979934975935,1.0926519235950565
1.0,-0.00835148855255887,1.0926519235950565
1.0,-0.00853807612272553,1.0926519235950565
1.0,-0.008722397874349842,1.0926519235950565
1.0,-0.008908189763694459,1.0926519235950565
1.0,-0.009092927504851848,1.0926519235950565
1.0,-0.009277753546998495,1.0926519235950565
1.0,-0.009464270085567932,1.0926519235950565
1.0,-0.009648844183971349,1.0926519235950565
1.0,-0.009834241217686661,1.0926519235950565
1.0,-0.01001954105675456,1.0926519235950565
1.0,-0.01020556960412805,1.0926519235950565
1.0,-0.01039110480039182,1.0926519235950565
1.0,-0.010576495140005651,1.0926519235950565
1.0,-0.010764918999029462,1.0926519235950565
1.0,-0.010947045997063344,1.0926519235950565
1.0,-0.011132247004324344,1.0926519235950565
1.0,-0.01131767778094371,1.0926519235950565
1.0,-0.011501901924693032,1.0926519235950565
1.0,-0.011687674110679572,1.0926519235950565
1.0,-0.01187242314054733,1.0926519235950565
1.0,-0.012057811983832593,1.0926519235950565
1.0,-0.012243144030562168,1.0926519235950565
1.0,-0.012428422854320761,1.0926519235950565
1.0,-0.012614323433636943,1.0926519235950565
1.0,-0.012799556287217122,1.0926519235950565
1.0,-0.012984668230963524,1.0926519235950565
1.0,-0.013170155098130909,1.0926519235950565
1.0,-0.013355980574724348,1.0926519235950565
1.0,-0.01354077346323318,1.0926519235950565
1.0,-0.013725505662879021,1.0926519235950565
1.0,-0.01390988093859307,1.0926519235950565
1.0,-0.014096218130834004,1.0926519235950565
1.0,-0.014281511210017556,1.0926519235950565
1.0,-0.014465689729180144,1.0926519235950565
1.0,-0.014651767499741085,1.0926519235950565
1.0,-0.014837404705772737,1.0926519235950565
1.0,-0.015022697454188917,1.0926519235950565
1.0,-0.015208070724538864,1.0926519235950565
1.0,-0.01539840748258937,1.0926519235950565
1.0,-0.015578750841221685,1.0926519235950565
1.0,-0.01576389512604854,1.0926519235950565
1.0,-0.015949426808024855,1.0926519235950565
1.0,-0.016134535653490933,1.0926519235950565
1.0,-0.0163196633841986,1.0926519235950565
1.0,-0.01650535426626915,1.0926519235950565
1.0,-0.016690367955430142,1.0926519235950565
1.0,-0.01687570103152259,1.0926519235950565
1.0,-0.017060787036436466,1.0926519235950565
1.0,-0.017247492353300226,1.0926519235950565
1.0,-0.01743164723881014,1.0926519235950565
1.0,-0.017616959015151874,1.0926519235950565
1.0,-0.01780213470712779,1.0926519235950565
1.0,-0.017987586652858656,1.0926519235950565
1.0,-0.018173069901968424,1.0926519235950565
1.0,-0.01835774711084457,1.0926519235950565
1.0,-0.018544470259497545,1.0926519235950565
1.0,-0.018728246809216136,1.0926519235950565
1.0,-0.018913949957474845,1.0926519235950565
0,0,1.0926519235950565
0,0,1.0926519235950565
0,0,1.0899617472034566
0,0,1.087272017428968
0,0,1.0845910357773696
0,0,1.0819108695557673
0,0,1.079235275959064
0,0,1.076566148363105
0,0,1.0739028436138867
0,0,1.0712478672585588
0,0,1.0685936086185002
0,0,1.065951288216322
0,0,1.0633102263004457
0,0,1.0606777253538016
0,0,1.0580553900198109
0,0,1.055435192899759
0,0,1.0528236912018385
0,0,1.0502194837686996
0,0,1.0476244222455544
0,0,1.0450339788787406
0,0,1.0424512071708258
0,0,1.0398791398393983
0,0,1.03756818010083
0,0,1.0355081537481101
0,0,1.033673142861328
0,0,1.0320382785348194
0,0,1.0305807591438836
0,0,1.0292815547425844
0,0,1.02812566659736
0,0,1.0270974737257361
0,0,1.026181268729489
0,0,1.0253665304795907
0,0,1.0246427843556771
0,0,1.023999820108729
0,0,1.02342825741432
0,0,1.022921084301725
0,0,1.0224709472051328
0,0,1.02207243720948
0,0,1.0217194619101593
0,0,1.0214069782665924
0,0,1.02113103129445
0,0,1.0208881127927776
0,0,1.0206738039514753
0,0,1.0204853537140366
0,0,1.0203198645469147
0,0,1.020175136998898
0,0,1.0200486844513204
0,0,1.0199384909764684
0,0,1.0198430386245518
0,0,1.0197606400062127
0,0,1.0196897817914379
0,0,1.0196292713227206
0,0,1.0195779053877236
0,0,1.0195348468131455
0,0,1.0194990243267554
0,0,1.0194697713441232
0,0,1.019446276491983
0,0,1.0194279519835698
0,0,1.0194142033420497
0,0,1.0194045282020685
0,0,1.0193984762774262
0,0,1.0193956297841753
0,0,1.0193956388151406
0,0,1.0193981757030757
0,0,1.0194007065797523
0,0,1.0194032257868633
0,0,1.0194032257868633
0,0,1.0194032257868633
0,0,1.0194032257868633
0,0,1.0194032257868633
0,0,1.0194032257868633
0,0,1.0194032257868633
0,0,1.0194032257868633
0,0,1.0194032257868633
0,0,1.0194032257868633
0,0,1.0194032257868633
0,0,1.0194032257868633
0,0,1.0194032257868633
0,0,1.0194032257868633
0,0,1.0194032257868633
0,0,1.0194032257868633
0,0,1.0194032257868633
0,0,1.0194032257868633
0,0,1.0194032257868633
0,0,1.0194032257868633
0,0,1.0194032257868633
0,0,1.0194032257868633
0,0,1.0194032257868633
0,0,1.0194032257868633
0,0,1.0194032257868633
0,0,1.0194032257868633
0,0,1.0194032257868633
0,0,1.0194032257868633
0,0,1.0194032257868633
0,0,1.0194032257868633
0,0,1.0194032257868633
0,0,1.0194032257868633
0,0,1.0194032257868633
0,0,1.0194032257868633
0,0,1.0194032257868633
0,0,1.0194032257868633
0,0,1.0194032257868633
0,0,1.0194032257868633
0,0,1.0194032257868633
0,0,1.0194032257868633
0,0,1.0194032257868633
0,0,1.0194032257868633
0,0,1.0194032257868633
0,0,1.0194032257868633
0,0,1.0194032257868633
0,0,1.0194032257868633
0,0,1.0194032257868633
0,0,1.0194032257868633
0,0,1.0194032257868633
0.0,-0.010907932732562069,1.0194032257868633
0.0,0.15422173363068487,1.0194032257868633
0.0,0.2,0.9795426071287883
0.0,0.2,0.9396359220950843
0.0,0.2,0.8997728618814496
0.0,0.2,0.8599500954929981
0.0,0.2,0.8200885548944584
0.0,0.2,0.7802298378698729
0.0,0.2,0.7403033401802032
0.0,0.2,0.7004840732204187
0.0,0.2,0.6606149455923107
0.0,0.2,0.6207498828592646
0.0,0.2,0.5808435766263409
0.0,0.2,0.5409654537621166
0.0,0.2,0.5011257729240971
0.0,0.2,0.461263594518534
0.0,0.2,0.4213599943426053
0.0,0.2,0.3815201079576211
0.0,0.2,0.3416090365451923
0.0,0.2,0.3017720861014702
0.0,0.2,0.2618968867079629
0.0,0.2,0.22202293815758478
0.0,0.192705366042981,0.18359792897562904
0.0,0.17334798003019275,0.1490355947005636
0.0,0.15491096468323234,0.11812146886412248
0.0,0.13825427609009383,0.09058119294463918
0.0,0.12350022178944328,0.0659523168816055
0.0,0.11033056421761439,0.04395330973202683
0.0,0.09851270030071431,0.02430784278248125
0.0,0.08791619867392024,0.006779791747338039
0.0,0.07843009188246414,-0.008875568763325709
0.0,0.06993537420594384,-0.02280909391996426
0.0,0.06232704984940401,-0.03523826577883017
0.0,0.05551703220978548,-0.04631854178580597
0.0,0.04941828458207363,-0.0561700503293815
0.0,0.043953801572665124,-0.06493218587845447
0.0,0.0390629030752251,-0.07272174091219881
0.0,0.03468622409616472,-0.07963975113996134
0.0,0.030766220197082125,-0.08577498199224005
0.0,0.027255552183662053,-0.0912115261752604
0.0,0.02411256994171622,-0.09602506720611342
0.0,0.021295583564104797,-0.10027160415144921
0.0,0.018777333000938867,-0.10401415031048607
0.0,0.016522172030243212,-0.1073093546959618
0.0,0.014504607207600002,-0.1102022606409092
0.0,0.012698342507093396,-0.11273573092344522
0.0,0.011081662464027767,-0.11494554554120379
0.0,0.009634871260083527,-0.11686726780601626
0.0,0.008339441201764594,-0.11853079869459869
0.0,0.0071816872712891985,-0.11996427340472414
0.0,0.0061459663354664,-0.12118952306000863
0.0,0.005218991337676296,-0.12223140694154312
0.0,0.004389400345120267,-0.12310623416581627
0.0,0.0036476344844396033,-0.12383456745103694
0.0,0.0029840054489419024,-0.12442984187244571
0.0,0.0023915324551018677,-0.1249069251164399
0.0,0.0018620625166804322,-0.12527805682217066
0.0,0.0013892183996438157,-0.1255551931825793
0.0,0.0009695942730477969,-0.1257486308937647
0.0,0.0005909366196384797,-0.1258665231827851
0.0,0.0002536198837347764,-0.12591706945734565
0.0,-4.581965444445946e-05,-0.12590791862479955
0.0,-0.00031417349898799074,-0.12584523978637105
0.0,-0.0005530740659448266,-0.12573480293639422
0.0,-0.0007663740987614645,-0.12562444331351308
0.0,-0.0009616909978548971,-0.125514133827348
0.0,-0.001154591377314794,-0.125514133827348
0.0,-0.001369433123558049,-0.125514133827348
0.0,-0.001611519159440536,-0.125514133827348
0.0,-0.001869900006809394,-0.125514133827348
0.0,-0.0021210258392147796,-0.125514133827348
0.0,-0.002370591474721004,-0.125514133827348
0.0,-0.0026226032936993576,-0.125514133827348
0.0,-0.002873441470842973,-0.125514133827348
0.0,-0.0031253002689550224,-0.125514133827348
0.0,-0.0033760151035320193,-0.125514133827348
0.0,-0.003626295270423116,-0.125514133827348
0.0,-0.0038780863596659665,-0.125514133827348
0.0,-0.004127745651592844,-0.125514133827348
0.0,-0.004379895982205111,-0.125514133827348
0.0,-0.004631875585179274,-0.125514133827348
0.0,-0.004882619647691516,-0.125514133827348
0.0,-0.005132045906499197,-0.125514133827348
0.0,-0.005384422433949036,-0.125514133827348
0.0,-0.005634548638151549,-0.125514133827348
0.0,-0.005886322509983617,-0.125514133827348
0.0,-0.006137465485806563,-0.125514133827348
0.0,-0.006388544967383794,-0.125514133827348
0.0,-0.006639391887059823,-0.125514133827348
0.0,-0.006890274606163052,-0.125514133827348
0.0,-0.00714566646056377,-0.125514133827348
0.0,-0.007392470919030579,-0.125514133827348
0.0,-0.007642937964038372,-0.125514133827348
0.0,-0.007894381460065242,-0.125514133827348
0.0,-0.008145839982640547,-0.125514133827348
0.0,-0.00839586154284673,-0.125514133827348
0.0,-0.008647487935554636,-0.125514133827348
0.0,-0.008898965681874121,-0.125514133827348
0.0,-0.009150462427267914,-0.125514133827348
0.0,-0.009401241502926719,-0.125514133827348
0.0,-0.009652238178673923,-0.125514133827348
0.0,-0.009902604690629993,-0.125514133827348
0.0,-0.0101537150106394,-0.125514133827348
0.0,-0.010404797930913388,-0.125514133827348
0.0,-0.01065575976017162,-0.125514133827348
0.0,-0.010907028593235779,-0.125514133827348
0.0,-0.011158429922785026,-0.125514133827348
0.0,-0.01140733138482055,-0.125514133827348
0.0,-0.011660052481680436,-0.125514133827348
0.0,-0.011910443167658685,-0.125514133827348
0.0,-0.012161709307189524,-0.125514133827348
0.0,-0.012412162613424281,-0.125514133827348
0.0,-0.012662668477447438,-0.125514133827348
0.0,-0.012914698684267957,-0.125514133827348
0.0,-0.013166638165707116,-0.125514133827348
0.0,-0.013416580582976963,-0.125514133827348
0.0,-0.01366912490824105,-0.125514133827348
0.0,-0.013919627235275914,-0.125514133827348
0.0,-0.014170523580045107,-0.125514133827348
0.0,-0.014421249102588442,-0.125514133827348
0.0,-0.01467240290822465,-0.125514133827348
0.0,-0.014922678708605926,-0.125514133827348
0.0,-0.0151742944815631,-0.125514133827348
0.0,-0.01542738983270181,-0.125514133827348
0.0,-0.015675656932498415,-0.125514133827348
0.0,-0.015926698999176987,-0.125514133827348
0.0,-0.016177477558972718,-0.125514133827348
0.0,-0.01642944797713558,-0.125514133827348
0.0,-0.016680486934829056,-0.125514133827348
0.0,-0.01693094201206824,-0.125514133827348
0.0,-0.017181375828468293,-0.125514133827348
0.0,-0.01743279794064781,-0.125514133827348
0.0,-0.017684006761639157,-0.125514133827348
0.0,-0.01793509541037821,-0.125514133827348
0.0,-0.01818596355337667,-0.125514133827348
0.0,-0.01843701193843674,-0.125514133827348
