0,0
0.0,0.0
0.0,0.0
0.0,0.0
0.0,0.0
0.0,0.0
0.0,0.0
0.0,0.0
0.0,0.0
0.0,0.0
0.0,0.0
0.0,0.0
0.0,0.0
0.0,0.0
0.0,0.0
0.0,0.0
0.0,0.0
0.0,0.0
0.0,0.0
0.0,0.0
0.0,0.0
0.0,0.0
0.0,0.0
0.0,0.0
0.0,0.0
0.0,0.0
0.0,0.0
0.0,0.0
0.0,0.0
0.0399806022,0.0
0.0799912452,0.0
0.11996383660000001,0.0
0.1599866866,0.0
0.20001535420000002,0.0
0.23995866780000003,0.0
0.27999529840000004,0.0
0.31999835960000006,0.0
0.35996327400000006,0.0
0.39999856940000006,0.0
0.44000468260000003,0.0
0.4799975396,0.0
0.5199617386000001,0.0
0.5599808692000001,0.0
0.5999967574000001,0.0
0.6399787426000001,0.0
0.6799957752000001,0.0
0.7199984550000001,0.0
0.7600107192000002,0.0
0.7981332563631647,0.0
0.830748800722463,0.0
0.8582273217405048,0.0
0.8813027611095524,0.0
0.9007059603534977,0.0
0.9170746556612538,0.0
0.9308782825174732,0.0
0.9424899587122751,0.0
0.9522697589103848,0.0
0.9605112376351908,0.0
0.9674439655406026,0.0
0.9732846991699754,0.0
0.9782097835436752,0.0
0.9823454596144219,0.0
0.9858348236518308,0.0
0.9887770415903621,0.0
0.9912527459158063,0.0
0.993337721967702,0.0
0.9950931876406834,0.0
0.9965716802280075,0.0
0.997815240249435,0.0
0.998864702807809,0.0
0.9997475659915416,0.0
1.0004909249375236,0.0
1.0011169655808205,0.0
1.0016431541576658,0.0
1.0020873761886273,0.0
1.0024606398882834,0.0
1.0027747267490201,0.0
1.0030394409403347,0.0
1.003261826223478,0.0
1.0034492928987369,0.0
1.0036067159452868,0.0
1.0037393098771816,0.0
1.0038506998857826,0.0
1.0039442282436375,0.0
1.0040229405111278,0.0
1.0040889819140757,0.0
1.0041443953826783,0.0
1.0041908777387756,0.0
1.004229819522816,0.0
1.0042624079520082,0.0
1.0042896689060807,0.0
1.004312410342781,0.0
1.004331387392426,0.0
1.0043471493332847,0.0
1.004360243935984,0.0
1.0043710644800443,0.0
1.0043799656632073,0.0
1.0043872791768609,0.0
1.0043932320812199,0.0
1.0043980530499115,0.0
1.0044019109587092,0.0
1.0044049607451697,0.0
1.0044073299967262,0.0
1.0044091247859783,0.0
1.004410437389851,0.0
1.0044113437250957,0.0
1.0044119060795347,0.0
1.004412182285687,0.0
1.0044124587157228,0.0
1.0044127347026015,0.0
1.0044127347026015,0.0
1.0044127347026015,0.0
1.0044127347026015,0.0
1.0044127347026015,0.0
1.0044127347026015,0.0
1.0044127347026015,0.0
1.0044127347026015,0.0
1.0044127347026015,0.0
1.0044127347026015,0.0
1.0044127347026015,0.0
1.0044127347026015,0.0
1.0044127347026015,0.0
1.0044127347026015,0.0
1.0044127347026015,0.0
1.0044127347026015,0.0
1.0044127347026015,0.0
1.0044127347026015,0.0
1.0044127347026015,0.0
1.0044127347026015,0.0
1.0044127347026015,0.0
1.0044127347026015,0.0
1.0044127347026015,0.0
1.0044127347026015,0.0
1.0044127347026015,0.0
1.0044127347026015,0.0
1.0044127347026015,0.0
1.0044127347026015,0.0
1.0044127347026015,0.0
1.0044127347026015,0.0
1.0044127347026015,0.0
1.0044127347026015,0.0
1.0044127347026015,0.0
1.0044127347026015,0.0
1.0044127347026015,0.0
1.0044127347026015,0.0
1.0044127347026015,0.0
1.0044127347026015,0.0
1.0044127347026015,0.0
1.0044127347026015,0.0
1.0044127347026015,0.0
1.0044127347026015,0.0
1.0044127347026015,0.0
1.0044127347026015,0.0
1.0044127347026015,0.0
1.0044127347026015,0.0
1.0044127347026015,0.0
1.0044127347026015,0.0
1.0044127347026015,0.0
1.0044127347026015,0.0
1.0044127347026015,0.0
1.0044127347026015,0.0
1.0044127347026015,0.0
1.0044127347026015,0.0
1.0044127347026015,0.0
1.0044127347026015,0.0
1.0044127347026015,0.0
1.0044127347026015,0.0
1.0044127347026015,0.0
1.0044127347026015,0.0
1.0044127347026015,0.0
1.0044127347026015,0.0
1.0044127347026015,0.0
1.0044127347026015,0.0
1.0044127347026015,0.0
1.0044127347026015,0.0
1.0044127347026015,0.0
1.0044127347026015,0.0
1.0044127347026015,0.0
1.0044127347026015,0.0
1.0044127347026015,0.0
1.0044127347026015,0.0
1.0044127347026015,0.0
1.0044127347026015,0.0
1.0044127347026015,0.0
1.0044127347026015,0.0
1.0044127347026015,0.0
1.0044127347026015,0.0
1.0044127347026015,0.0
1.0044127347026015,0.0
1.0044127347026015,0.0
1.0044127347026015,0.0
1.0044127347026015,0.0
1.0044127347026015,0.0
1.0044127347026015,0.0
1.0044127347026015,0.0
1.0044127347026015,0.0
1.0044127347026015,0.0
1.0044127347026015,0.0
1.0044127347026015,0.0
1.0044127347026015,0.0
1.0044127347026015,0.0
1.0044127347026015,0.0
1.0044127347026015,0.0
1.0044127347026015,0.0
1.0044127347026015,0.0
1.0044127347026015,0.0
1.0044127347026015,0.0
1.0044127347026015,0.0
1.0044127347026015,0.0
1.0044127347026015,0.0
1.0044127347026015,0.0
1.0044127347026015,0.0
1.0044127347026015,0.0
1.0044127347026015,0.0
1.0044127347026015,0.0
1.0044127347026015,0.0
1.0044127347026015,0.0
1.0044127347026015,0.0
1.0044127347026015,0.0
1.0044127347026015,0.0
1.0044127347026015,0.0
1.0044127347026015,0.0
1.0044127347026015,0.0
1.0044127347026015,0.0
1.0044127347026015,0.0
1.0044127347026015,0.0
1.0044127347026015,0.0
1.0044127347026015,0.0
1.0044127347026015,0.0
1.0044127347026015,0.0
1.0044127347026015,0.0
1.0044127347026015,0.0
1.0044127347026015,0.0
1.0044127347026015,0.0
1.0044127347026015,0.0
1.0044127347026015,0.0
1.0044127347026015,0.0
1.0044127347026015,0.0
1.0044127347026015,0.0
1.0044127347026015,0.0
1.0044127347026015,0.0
1.0044127347026015,0.0
1.0044127347026015,0.0
1.0044127347026015,0.0
1.0044127347026015,0.0
1.0044127347026015,0.0
1.0044127347026015,0.0
1.0044127347026015,0.0
1.0044127347026015,0.0
1.0044127347026015,0.0
1.0044127347026015,0.0
1.0044127347026015,0.0
1.0044127347026015,0.0
1.0044127347026015,0.0
1.0044127347026015,0.0
1.0044127347026015,0.0
1.0044127347026015,0.0
1.0044127347026015,0.0
1.0044127347026015,0.0
1.0044127347026015,0.0
1.0044127347026015,0.0
1.0044127347026015,0.0
1.0044127347026015,0.0
1.0044127347026015,0.0
1.0044127347026015,0.0
1.0044127347026015,0.0
1.0044127347026015,0.0
1.0044127347026015,0.0
1.0044127347026015,0.0
1.0044127347026015,0.0
1.0044127347026015,0.0
1.0044127347026015,0.0
1.0044127347026015,0.0
1.0044127347026015,0.0
1.0044127347026015,0.0
1.0044127347026015,0.0
1.0044127347026015,0.0
1.0044127347026015,0.0
1.0044127347026015,0.0
1.0044127347026015,0.0
1.0044127347026015,0.0
1.0044127347026015,0.0
1.0044127347026015,0.0
1.0044127347026015,0.0
1.0044127347026015,0.0
1.0044127347026015,0.0
1.0044127347026015,0.0
1.0044127347026015,0.0
1.0044127347026015,0.0
1.0044127347026015,0.0
1.0044127347026015,0.0
1.0044127347026015,0.0
1.0044127347026015,0.0
1.0044127347026015,0.0
1.0044127347026015,0.0
1.0044127347026015,0.0
1.0044127347026015,0.0
1.0044127347026015,0.0
1.0044127347026015,0.0
1.0044127347026015,0.0
1.0044127347026015,0.0
1.0044127347026015,0.0
1.0044127347026015,0.0
1.0044127347026015,0.0
1.0044127347026015,0.0
1.0044127347026015,0.0
1.0044127347026015,0.0
1.0044127347026015,0.0
1.0044127347026015,0.0
1.0044127347026015,0.0
1.0044127347026015,0.0
1.0044127347026015,0.0
1.0044127347026015,0.0
1.0044127347026015,0.0
1.0044127347026015,0.0
1.0044127347026015,0.0
1.0044127347026015,0.0
1.0044127347026015,0.0
1.0044127347026015,0.0
1.0044127347026015,0.0
1.0044127347026015,0.0
1.0044127347026015,0.0
1.0033708877574439,0.039976756152239695
1.002332333625231,0.07996390105795419
1.0012973456481336,0.11995051841785795
1.0002668629224098,0.15989971246382456
0.999238940612305,0.1998862736034967
0.9982150880450635,0.23985123584076373
0.9971935574804552,0.2798624303559762
0.996176164442944,0.31984844991891315
0.9951612692089823,0.3598732167993274
0.9941508960137114,0.3998565522432465
0.9931447491260869,0.4398093715634035
0.9921411374322964,0.4797982197794032
0.991141009807348,0.5197851040429514
0.9901432803794745,0.5598131167817715
0.9891508778066603,0.5997642766468659
0.9881597620798787,0.639800562174554
0.9871735677343052,0.679775104841713
0.9861904453959794,0.7197619338689051
0.9852114910968574,0.7597159536881768
0.984266034200511,0.7984352671747116
0.983459036609288,0.8315978546317041
0.9827822556502064,0.8595048934416302
0.9822155110242267,0.8829547589290038
0.9817395922036785,0.9027142083557271
0.9813401339531773,0.9193561605706113
0.9810048317002145,0.9333732931221244
0.98072342947969,0.945177578859089
0.9804871886779993,0.9551214682261148
0.9802891367499128,0.9634865522565589
0.9801227247043843,0.9705393784437282
0.9799829473715254,0.9764837356226626
0.9798656289068218,0.9814901227629332
0.9797672136721346,0.9857042757979837
0.9796845994589529,0.9892539788271243
0.979615303128273,0.9922416789294292
0.9795570932096427,0.9947600077746296
0.9795082871415288,0.9968787553793091
0.9794673324761407,0.9986627663384021
0.9794329230069236,1.0001668088220186
0.9794040619973986,1.0014326626814742
0.979379842825474,1.0024985713310792
0.9793595240557854,1.0033958943609154
0.9793424894617845,1.0041507647764627
0.9793281755378243,1.0047872480736766
0.9793161874328555,1.0053221436627375
0.9793061183482609,1.0057729570042402
0.9792976763932284,1.0061522193864565
0.979290608342788,1.0064708490140593
0.9792846783459239,1.0067390918394428
0.9792797059089472,1.0069647917893874
0.9792755378059492,1.0071546329375853
0.9792720522571638,1.00731393217692
0.9792691327410977,1.0074478202907455
0.9792666908776848,1.0075601881500604
0.979264650824333,1.007654388255708
0.9792629429345758,1.0077335212393517
0.9792615199534701,1.0077996799456295
0.9792603311436724,1.0078551409998453
0.9792593420018256,1.0079014456594724
0.9792585195010707,1.0079400816525357
0.9792578371943315,1.007972242309189
0.979257272648661,1.0079989436630368
0.9792568059892979,1.0080210910328993
0.9792564216267641,1.0080393952891544
0.9792561072112667,1.008054419969933
0.9792558508082243,1.008066714519989
0.9792556431910372,1.0080767039940668
0.9792554764523198,1.008084754153243
0.9792553440612433,1.0080911679565265
0.9792552404901925,1.0080962027861105
0.9792551610671952,1.0081000769862527
0.9792551018854747,1.0081029737424037
0.9792550596751953,1.008105046893805
0.9792550316430778,1.0081064284137355
0.9792550155461931,1.0081072244486222
0.9792550093885244,1.008107530007746
0.9792550115926837,1.0081074202561224
0.9792550207700061,1.008106961720831
0.9792550299211884,1.008106502921441
0.9792550390326598,1.0081060445379535
0.9792550390326598,1.0081060445379535
0.9792550390326598,1.0081060445379535
0.9792550390326598,1.0081060445379535
0.9792550390326598,1.0081060445379535
0.9792550390326598,1.0081060445379535
0.9792550390326598,1.0081060445379535
0.9792550390326598,1.0081060445379535
0.9792550390326598,1.0081060445379535
0.9792550390326598,1.0081060445379535
0.9792550390326598,1.0081060445379535
0.9792550390326598,1.0081060445379535
0.9792550390326598,1.0081060445379535
0.9792550390326598,1.0081060445379535
0.9792550390326598,1.0081060445379535
0.9792550390326598,1.0081060445379535
0.9792550390326598,1.0081060445379535
0.9792550390326598,1.0081060445379535
0.9792550390326598,1.0081060445379535
0.9792550390326598,1.0081060445379535
0.9792550390326598,1.0081060445379535
0.9792550390326598,1.0081060445379535
0.9792550390326598,1.0081060445379535
0.9792550390326598,1.0081060445379535
0.9792550390326598,1.0081060445379535
0.9792550390326598,1.0081060445379535
0.9792550390326598,1.0081060445379535
0.9792550390326598,1.0081060445379535
0.9792550390326598,1.0081060445379535
0.9792550390326598,1.0081060445379535
0.9792550390326598,1.0081060445379535
0.9792550390326598,1.0081060445379535
0.9792550390326598,1.0081060445379535
0.9792550390326598,1.0081060445379535
0.9792550390326598,1.0081060445379535
0.9792550390326598,1.0081060445379535
0.9792550390326598,1.0081060445379535
0.9792550390326598,1.0081060445379535
0.9792550390326598,1.0081060445379535
0.9792550390326598,1.0081060445379535
0.9792550390326598,1.0081060445379535
0.9792550390326598,1.0081060445379535
0.9792550390326598,1.0081060445379535
0.9792550390326598,1.0081060445379535
0.9792550390326598,1.0081060445379535
0.9792550390326598,1.0081060445379535
0.9792550390326598,1.0081060445379535
0.9792550390326598,1.0081060445379535
0.9792550390326598,1.0081060445379535
0.9792550390326598,1.0081060445379535
0.9792550390326598,1.0081060445379535
0.9792550390326598,1.0081060445379535
0.9792550390326598,1.0081060445379535
0.9792550390326598,1.0081060445379535
0.9792550390326598,1.0081060445379535
0.9792550390326598,1.0081060445379535
0.9792550390326598,1.0081060445379535
0.9792550390326598,1.0081060445379535
0.9792550390326598,1.0081060445379535
0.9792550390326598,1.0081060445379535
0.9792550390326598,1.0081060445379535
0.9792550390326598,1.0081060445379535
0.9792550390326598,1.0081060445379535
0.9792550390326598,1.0081060445379535
0.9792550390326598,1.0081060445379535
0.9792550390326598,1.0081060445379535
0.9792550390326598,1.0081060445379535
0.9792550390326598,1.0081060445379535
0.9792550390326598,1.0081060445379535
0.9792550390326598,1.0081060445379535
0.9792550390326598,1.0081060445379535
0.9792550390326598,1.0081060445379535
0.9792550390326598,1.0081060445379535
0.9792550390326598,1.0081060445379535
0.9792550390326598,1.0081060445379535
0.9792550390326598,1.0081060445379535
0.9792550390326598,1.0081060445379535
0.9792550390326598,1.0081060445379535
0.9792550390326598,1.0081060445379535
0.9792550390326598,1.0081060445379535
0.9792550390326598,1.0081060445379535
0.9792550390326598,1.0081060445379535
0.9792550390326598,1.0081060445379535
0.9792550390326598,1.0081060445379535
0.9792550390326598,1.0081060445379535
0.9792550390326598,1.0081060445379535
0.9792550390326598,1.0081060445379535
0.9792550390326598,1.0081060445379535
0.9792550390326598,1.0081060445379535
0.9792550390326598,1.0081060445379535
0.9792550390326598,1.0081060445379535
0.9792550390326598,1.0081060445379535
0.9792550390326598,1.0081060445379535
0.9792550390326598,1.0081060445379535
0.9792550390326598,1.0081060445379535
0.9792550390326598,1.0081060445379535
0.9792550390326598,1.0081060445379535
0.9792550390326598,1.0081060445379535
0.9792550390326598,1.0081060445379535
0.9792550390326598,1.0081060445379535
0.9792550390326598,1.0081060445379535
0.9792550390326598,1.0081060445379535
0.9792550390326598,1.0081060445379535
0.9792550390326598,1.0081060445379535
0.9792550390326598,1.0081060445379535
0.9792550390326598,1.0081060445379535
0.9792550390326598,1.0081060445379535
0.9792550390326598,1.0081060445379535
0.9792550390326598,1.0081060445379535
0.9792550390326598,1.0081060445379535
0.9792550390326598,1.0081060445379535
0.9792550390326598,1.0081060445379535
0.9792550390326598,1.0081060445379535
0.9792550390326598,1.0081060445379535
0.9792550390326598,1.0081060445379535
0.9792550390326598,1.0081060445379535
0.9792550390326598,1.0081060445379535
0.9792550390326598,1.0081060445379535
0.9792550390326598,1.0081060445379535
0.9792550390326598,1.0081060445379535
0.9792550390326598,1.0081060445379535
0.9792550390326598,1.0081060445379535
0.9792550390326598,1.0081060445379535
0.9792550390326598,1.0081060445379535
0.9792550390326598,1.0081060445379535
0.9792550390326598,1.0081060445379535
0.9792550390326598,1.0081060445379535
0.9792550390326598,1.0081060445379535
0.9792550390326598,1.0081060445379535
0.9792550390326598,1.0081060445379535
0.9792550390326598,1.0081060445379535
0.9792550390326598,1.0081060445379535
0.9792550390326598,1.0081060445379535
0.9792550390326598,1.0081060445379535
0.9792550390326598,1.0081060445379535
0.9792550390326598,1.0081060445379535
0.9792550390326598,1.0081060445379535
0.9792550390326598,1.0081060445379535
0.9792550390326598,1.0081060445379535
0.9792550390326598,1.0081060445379535
0.9792550390326598,1.0081060445379535
0.9792550390326598,1.0081060445379535
0.9792550390326598,1.0081060445379535
0.9792550390326598,1.0081060445379535
0.9792550390326598,1.0081060445379535
0.9792550390326598,1.0081060445379535
0.9792550390326598,1.0081060445379535
0.9792550390326598,1.0081060445379535
0.9792550390326598,1.0081060445379535
0.9792550390326598,1.0081060445379535
0.9792550390326598,1.0081060445379535
0.9792550390326598,1.0081060445379535
0.9792550390326598,1.0081060445379535
0.9792550390326598,1.0081060445379535
0.9792550390326598,1.0081060445379535
0.9792550390326598,1.0081060445379535
0.9792550390326598,1.0081060445379535
0.9792550390326598,1.0081060445379535
0.9792550390326598,1.0081060445379535
0.9792550390326598,1.0081060445379535
0.9792550390326598,1.0081060445379535
0.9792550390326598,1.0081060445379535
0.9792550390326598,1.0081060445379535
0.9792550390326598,1.0081060445379535
0.9792550390326598,1.0081060445379535
0.9792550390326598,1.0081060445379535
0.9792550390326598,1.0081060445379535
0.9792550390326598,1.0081060445379535
0.9792550390326598,1.0081060445379535
0.9792550390326598,1.0081060445379535
0.9792550390326598,1.0081060445379535
0.9792550390326598,1.0081060445379535
0.9792550390326598,1.0081060445379535
0.9792550390326598,1.0081060445379535
0.9792550390326598,1.0081060445379535
0.9792550390326598,1.0081060445379535
0.9792550390326598,1.0081060445379535
0.9792550390326598,1.0081060445379535
0.9792550390326598,1.0081060445379535
0.9792550390326598,1.0081060445379535
0.9792550390326598,1.0081060445379535
0.9792550390326598,1.0081060445379535
0.9792550390326598,1.0081060445379535
0.9792550390326598,1.0081060445379535
0.9792550390326598,1.0081060445379535
0.9792550390326598,1.0081060445379535
0.9792550390326598,1.0081060445379535
0.9792550390326598,1.0081060445379535
0.9792550390326598,1.0081060445379535
0.9792550390326598,1.0081060445379535
0.9792550390326598,1.0081060445379535
0.9792550390326598,1.0081060445379535
0.9792550390326598,1.0081060445379535
0.9792550390326598,1.0081060445379535
0.9792550390326598,1.0081060445379535
0.9792550390326598,1.0081060445379535
0.9792550390326598,1.0081060445379535
0.9792550390326598,1.0081060445379535
0.9792550390326598,1.0081060445379535
0.9792550390326598,1.0081060445379535
0.9792550390326598,1.0081060445379535
0.9792550390326598,1.0081060445379535
0.9792550390326598,1.0081060445379535
0.9792550390326598,1.0081060445379535
0.9792550390326598,1.0081060445379535
0.9792550390326598,1.0081060445379535
0.9792550390326598,1.0081060445379535
0.9792550390326598,1.0081060445379535
0.9792550390326598,1.0081060445379535
0.9792550390326598,1.0081060445379535
0.9792550390326598,1.0081060445379535
0.9792550390326598,1.0081060445379535
0.9792550390326598,1.0081060445379535
0.9792550390326598,1.0081060445379535
0.9792550390326598,1.0081060445379535
0.9792550390326598,1.0081060445379535
0.9792550390326598,1.0081060445379535
0.9792550390326598,1.0081060445379535
0.9792550390326598,1.0081060445379535
0.9792550390326598,1.0081060445379535
0.9792550390326598,1.0081060445379535
0.9792550390326598,1.0081060445379535
0.9792550390326598,1.0081060445379535
0.9792550390326598,1.0081060445379535
0.9792550390326598,1.0081060445379535
0.9792550390326598,1.0081060445379535
0.9792550390326598,1.0081060445379535
0.9792550390326598,1.0081060445379535
0.9792550390326598,1.0081060445379535
0.9792550390326598,1.0081060445379535
0.9792550390326598,1.0081060445379535
0.9792550390326598,1.0081060445379535
0.9792550390326598,1.0081060445379535
0.9792550390326598,1.0081060445379535
0.9792550390326598,1.0081060445379535
0.9792550390326598,1.0081060445379535
0.9792550390326598,1.0081060445379535
0.9792550390326598,1.0081060445379535
0.9792550390326598,1.0081060445379535
0.9792550390326598,1.0081060445379535
0.9792550390326598,1.0081060445379535
0.9792550390326598,1.0081060445379535
0.9792550390326598,1.0081060445379535
0.9792550390326598,1.0081060445379535
0.9792550390326598,1.0081060445379535
0.9792550390326598,1.0081060445379535
0.9792550390326598,1.0081060445379535
0.9792550390326598,1.0081060445379535
0.9792550390326598,1.0081060445379535
0.9792550390326598,1.0081060445379535
0.9792550390326598,1.0081060445379535
0.9792550390326598,1.0081060445379535
0.9792550390326598,1.0081060445379535
0.9792550390326598,1.0081060445379535
0.9792550390326598,1.0081060445379535
0.9792550390326598,1.0081060445379535
0.9792550390326598,1.0081060445379535
0.9792550390326598,1.0081060445379535
0.9792550390326598,1.0081060445379535
0.9792550390326598,1.0081060445379535
0.9792550390326598,1.0081060445379535
0.9792550390326598,1.0081060445379535
0.9792550390326598,1.0081060445379535
0.9792550390326598,1.0081060445379535
0.9792550390326598,1.0081060445379535
0.9792550390326598,1.0081060445379535
0.9792550390326598,1.0081060445379535
0.9792550390326598,1.0081060445379535
0.9792550390326598,1.0081060445379535
0.9792550390326598,1.0081060445379535
0.9792550390326598,1.0081060445379535
0.9792550390326598,1.0081060445379535
0.9792550390326598,1.0081060445379535
0.9792550390326598,1.0081060445379535
0.9792550390326598,1.0081060445379535
0.9792550390326598,1.0081060445379535
0.9792550390326598,1.0081060445379535
0.9792550390326598,1.0081060445379535
0.9792550390326598,1.0081060445379535
0.9792550390326598,1.0081060445379535
0.9792550390326598,1.0081060445379535
0.9792550390326598,1.0081060445379535
0.9792550390326598,1.0081060445379535
0.9792550390326598,1.0081060445379535
0.9792550390326598,1.0081060445379535
0.9792550390326598,1.0081060445379535
0.9792550390326598,1.0081060445379535
0.9792550390326598,1.0081060445379535
0.9792550390326598,1.0081060445379535
0.9792550390326598,1.0081060445379535
0.9792550390326598,1.0081060445379535
0.9792550390326598,1.0081060445379535
0.9792550390326598,1.0081060445379535
0.9792550390326598,1.0081060445379535
0.9792550390326598,1.0081060445379535
0.9792550390326598,1.0081060445379535
0.9792550390326598,1.0081060445379535
0.9792550390326598,1.0081060445379535
0.9792550390326598,1.0081060445379535
0.9792550390326598,1.0081060445379535
0.9792550390326598,1.0081060445379535
0.9792550390326598,1.0081060445379535
0.9792550390326598,1.0081060445379535
0.9792550390326598,1.0081060445379535
0.9792550390326598,1.0081060445379535
0.9792550390326598,1.0081060445379535
0.9792550390326598,1.0081060445379535
0.9792550390326598,1.0081060445379535
0.9792550390326598,1.0081060445379535
0.9792550390326598,1.0081060445379535
0.9792550390326598,1.0081060445379535
0.9792550390326598,1.0081060445379535
0.9792550390326598,1.0081060445379535
0.9792550390326598,1.0081060445379535
0.9792550390326598,1.0081060445379535
0.9792550390326598,1.0081060445379535
0.9792550390326598,1.0081060445379535
0.9792550390326598,1.0081060445379535
0.9792550390326598,1.0081060445379535
0.9792550390326598,1.0081060445379535
0.9792550390326598,1.0081060445379535
0.9792550390326598,1.0081060445379535
0.9792550390326598,1.0081060445379535
0.9792550390326598,1.0081060445379535
0.9792550390326598,1.0081060445379535
0.9792550390326598,1.0081060445379535
0.9792550390326598,1.0081060445379535
0.9792550390326598,1.0081060445379535
0.9792550390326598,1.0081060445379535
0.9792550390326598,1.0081060445379535
0.9792550390326598,1.0081060445379535
0.9792550390326598,1.0081060445379535
0.9792550390326598,1.0081060445379535
0.939252332677682,1.0070734491267623
0.8992405263046097,1.0060441532821889
0.8592461236363513,1.005018824010632
0.819267886168866,1.00399741470361
0.7792654872712116,1.0029788831758006
0.7392955095736299,1.0019646597271747
0.6993068532048108,1.00095343280374
0.6593139626493557,0.9999455596720361
0.6193669854575984,0.998942289260399
0.5793791179383357,0.9979414239274101
0.5394353063843794,0.9969450816934208
0.4993720943262194,0.9959491774866254
0.4593828756658397,0.9949585205604914
0.41939724350550234,0.9939713420015776
0.37940609397095415,0.9929874062918339
0.3394171022792851,0.9920068918832994
0.29942898180354677,0.991029754829909
0.25944144698408245,0.9900559769114535
0.2194813368895086,0.9890861974577038
0.18328924668184265,0.9882108721299
0.1524950985563074,0.9874686472815838
0.12662668366415275,0.9868472809760963
0.10488917286583357,0.9863269274381402
0.08657419671414046,0.9858900033396969
0.07115238787731416,0.9855233582317559
0.05814906050229601,0.9852152689200584
0.047212945023373115,0.9849570457512928
0.037995372219837314,0.9847401453870702
0.030239195561760662,0.9845582582151342
0.02369358175610265,0.984405284431003
0.01818486276825852,0.9842769844383102
0.013547141201942024,0.9841693399863843
0.009640512101444669,0.9840789748964969
0.006354087315381276,0.9840032161905654
0.0035811921306263253,0.9839395139644191
0.0012477567086541879,0.9838860911655636
-0.0007151869952519781,0.9838413044338501
-0.0023697105433443735,0.9838036837609382
-0.003762330007559358,0.9837721266795716
-0.004935236759860312,0.9837456392922002
-0.005922785876686304,0.9837234140906999
-0.006754592256601723,0.9837047580258846
-0.007453555597725156,0.9836891351469789
-0.008042779253526615,0.9836760101639888
-0.008538111892354644,0.983665014433785
-0.008954873566615628,0.9836557945442639
-0.009305316444889265,0.9836480683471834
-0.009599987386039918,0.9836415939863908
-0.009847701649125143,0.9836361699621051
-0.010055892909891537,0.9836316269483105
-0.010230661887070253,0.9836278263112054
-0.010377393643434013,0.9836246463100253
-0.010500482330025065,0.9836219878371641
-0.010603650101466041,0.9836197672451114
-0.01068997661205407,0.9836179155059873
-0.010762258702893202,0.9836163703282119
-0.010822632033634096,0.9836150841431872
-0.010872987808988904,0.9836140150428224
-0.01091490184300151,0.9836131282131378
-0.010949749418349202,0.9836123934209436
-0.010978512489040073,0.983611789004728
-0.011002292255032799,0.9836112910139877
-0.011021781415240843,0.983610884274574
-0.011037713023754753,0.9836105529185417
-0.011050632125060128,0.9836102851387265
-0.011061020688354411,0.9836100705473596
-0.011069254158350783,0.9836099010551103
-0.011075695578038516,0.9836097689069735
-0.011080616789904291,0.9836096682921776
-0.011084260646955673,0.9836095940483498
-0.01108683175130162,0.9836095418412487
-0.0110884898110221,0.983609508289232
-0.011089388691408953,0.9836094901618743
-0.011089646573138108,0.9836094849790695
-0.011089360771294495,0.9836094907033449
-0.011088620074748305,0.9836095054878475
-0.011087495179696802,0.9836095278641727
-0.011086050445464344,0.9836095565042252
-0.011084602983895665,0.9836095851002075
-0.011083157463164994,0.9836096135596571
-0.011083157463164994,0.9836096135596571
-0.011083157463164994,0.9836096135596571
-0.011083157463164994,0.9836096135596571
-0.011083157463164994,0.9836096135596571
-0.011083157463164994,0.9836096135596571
-0.011083157463164994,0.9836096135596571
-0.011083157463164994,0.9836096135596571
-0.011083157463164994,0.9836096135596571
-0.011083157463164994,0.9836096135596571
-0.011083157463164994,0.9836096135596571
-0.011083157463164994,0.9836096135596571
-0.011083157463164994,0.9836096135596571
-0.011083157463164994,0.9836096135596571
-0.011083157463164994,0.9836096135596571
-0.011083157463164994,0.9836096135596571
-0.011083157463164994,0.9836096135596571
-0.011083157463164994,0.9836096135596571
-0.011083157463164994,0.9836096135596571
-0.011083157463164994,0.9836096135596571
-0.011083157463164994,0.9836096135596571
-0.011083157463164994,0.9836096135596571
-0.011083157463164994,0.9836096135596571
-0.011083157463164994,0.9836096135596571
-0.011083157463164994,0.9836096135596571
-0.011083157463164994,0.9836096135596571
-0.011083157463164994,0.9836096135596571
-0.011083157463164994,0.9836096135596571
-0.011083157463164994,0.9836096135596571
-0.011083157463164994,0.9836096135596571
-0.011083157463164994,0.9836096135596571
-0.011083157463164994,0.9836096135596571
-0.011083157463164994,0.9836096135596571
-0.011083157463164994,0.9836096135596571
-0.011083157463164994,0.9836096135596571
-0.011083157463164994,0.9836096135596571
-0.011083157463164994,0.9836096135596571
-0.011083157463164994,0.9836096135596571
-0.011083157463164994,0.9836096135596571
-0.011083157463164994,0.9836096135596571
-0.011083157463164994,0.9836096135596571
-0.011083157463164994,0.9836096135596571
-0.011083157463164994,0.9836096135596571
-0.011083157463164994,0.9836096135596571
-0.011083157463164994,0.9836096135596571
-0.011083157463164994,0.9836096135596571
-0.011083157463164994,0.9836096135596571
-0.011083157463164994,0.9836096135596571
-0.011083157463164994,0.9836096135596571
-0.011083157463164994,0.9836096135596571
-0.011083157463164994,0.9836096135596571
-0.011083157463164994,0.9836096135596571
-0.011083157463164994,0.9836096135596571
-0.011083157463164994,0.9836096135596571
-0.011083157463164994,0.9836096135596571
-0.011083157463164994,0.9836096135596571
-0.011083157463164994,0.9836096135596571
-0.011083157463164994,0.9836096135596571
-0.011083157463164994,0.9836096135596571
-0.011083157463164994,0.9836096135596571
-0.011083157463164994,0.9836096135596571
-0.011083157463164994,0.9836096135596571
-0.011083157463164994,0.9836096135596571
-0.011083157463164994,0.9836096135596571
-0.011083157463164994,0.9836096135596571
-0.011083157463164994,0.9836096135596571
-0.011083157463164994,0.9836096135596571
-0.011083157463164994,0.9836096135596571
-0.011083157463164994,0.9836096135596571
-0.011083157463164994,0.9836096135596571
-0.011083157463164994,0.9836096135596571
-0.011083157463164994,0.9836096135596571
-0.011083157463164994,0.9836096135596571
-0.011083157463164994,0.9836096135596571
-0.011083157463164994,0.9836096135596571
-0.011083157463164994,0.9836096135596571
-0.011083157463164994,0.9836096135596571
-0.011083157463164994,0.9836096135596571
-0.011083157463164994,0.9836096135596571
-0.011083157463164994,0.9836096135596571
-0.011083157463164994,0.9836096135596571
-0.011083157463164994,0.9836096135596571
-0.011083157463164994,0.9836096135596571
-0.011083157463164994,0.9836096135596571
-0.011083157463164994,0.9836096135596571
-0.011083157463164994,0.9836096135596571
-0.011083157463164994,0.9836096135596571
-0.011083157463164994,0.9836096135596571
-0.011083157463164994,0.9836096135596571
-0.011083157463164994,0.9836096135596571
-0.011083157463164994,0.9836096135596571
-0.011083157463164994,0.9836096135596571
-0.011083157463164994,0.9836096135596571
-0.011083157463164994,0.9836096135596571
-0.011083157463164994,0.9836096135596571
-0.011083157463164994,0.9836096135596571
-0.011083157463164994,0.9836096135596571
-0.011083157463164994,0.9836096135596571
-0.011083157463164994,0.9836096135596571
-0.011083157463164994,0.9836096135596571
-0.011083157463164994,0.9836096135596571
-0.011083157463164994,0.9836096135596571
-0.011083157463164994,0.9836096135596571
-0.011083157463164994,0.9836096135596571
-0.011083157463164994,0.9836096135596571
-0.011083157463164994,0.9836096135596571
-0.011083157463164994,0.9836096135596571
-0.011083157463164994,0.9836096135596571
-0.011083157463164994,0.9836096135596571
-0.011083157463164994,0.9836096135596571
-0.011083157463164994,0.9836096135596571
-0.011083157463164994,0.9836096135596571
-0.011083157463164994,0.9836096135596571
-0.011083157463164994,0.9836096135596571
-0.011083157463164994,0.9836096135596571
-0.011083157463164994,0.9836096135596571
-0.011083157463164994,0.9836096135596571
-0.011083157463164994,0.9836096135596571
-0.011083157463164994,0.9836096135596571
-0.011083157463164994,0.9836096135596571
-0.011083157463164994,0.9836096135596571
-0.011083157463164994,0.9836096135596571
-0.011083157463164994,0.9836096135596571
-0.011083157463164994,0.9836096135596571
-0.011083157463164994,0.9836096135596571
-0.011083157463164994,0.9836096135596571
-0.011083157463164994,0.9836096135596571
-0.011083157463164994,0.9836096135596571
-0.011083157463164994,0.9836096135596571
-0.011083157463164994,0.9836096135596571
-0.011083157463164994,0.9836096135596571
-0.011083157463164994,0.9836096135596571
-0.011083157463164994,0.9836096135596571
-0.011083157463164994,0.9836096135596571
-0.011083157463164994,0.9836096135596571
-0.011083157463164994,0.9836096135596571
-0.011083157463164994,0.9836096135596571
-0.011083157463164994,0.9836096135596571
-0.011083157463164994,0.9836096135596571
-0.011083157463164994,0.9836096135596571
-0.011083157463164994,0.9836096135596571
-0.011083157463164994,0.9836096135596571
-0.011083157463164994,0.9836096135596571
-0.011083157463164994,0.9836096135596571
-0.011083157463164994,0.9836096135596571
-0.011083157463164994,0.9836096135596571
-0.011083157463164994,0.9836096135596571
-0.011083157463164994,0.9836096135596571
-0.011083157463164994,0.9836096135596571
-0.011083157463164994,0.9836096135596571
-0.011083157463164994,0.9836096135596571
-0.011083157463164994,0.9836096135596571
-0.011083157463164994,0.9836096135596571
-0.011083157463164994,0.9836096135596571
-0.011083157463164994,0.9836096135596571
-0.011083157463164994,0.9836096135596571
-0.011083157463164994,0.9836096135596571
-0.011083157463164994,0.9836096135596571
-0.011083157463164994,0.9836096135596571
-0.011083157463164994,0.9836096135596571
-0.011083157463164994,0.9836096135596571
-0.011083157463164994,0.9836096135596571
-0.011083157463164994,0.9836096135596571
-0.011083157463164994,0.9836096135596571
-0.011083157463164994,0.9836096135596571
-0.011083157463164994,0.9836096135596571
-0.011083157463164994,0.9836096135596571
-0.011083157463164994,0.9836096135596571
-0.011083157463164994,0.9836096135596571
-0.011083157463164994,0.9836096135596571
-0.011083157463164994,0.9836096135596571
-0.011083157463164994,0.9836096135596571
-0.011083157463164994,0.9836096135596571
-0.011083157463164994,0.9836096135596571
-0.011083157463164994,0.9836096135596571
-0.011083157463164994,0.9836096135596571
-0.011083157463164994,0.9836096135596571
-0.011083157463164994,0.9836096135596571
-0.011083157463164994,0.9836096135596571
-0.011083157463164994,0.9836096135596571
-0.011083157463164994,0.9836096135596571
-0.011083157463164994,0.9836096135596571
-0.011083157463164994,0.9836096135596571
-0.011083157463164994,0.9836096135596571
-0.011083157463164994,0.9836096135596571
-0.011083157463164994,0.9836096135596571
-0.011083157463164994,0.9836096135596571
-0.011083157463164994,0.9836096135596571
-0.011083157463164994,0.9836096135596571
-0.011083157463164994,0.9836096135596571
-0.011083157463164994,0.9836096135596571
-0.011083157463164994,0.9836096135596571
-0.011083157463164994,0.9836096135596571
-0.011083157463164994,0.9836096135596571
-0.011083157463164994,0.9836096135596571
-0.011083157463164994,0.9836096135596571
-0.011083157463164994,0.9836096135596571
-0.011083157463164994,0.9836096135596571
-0.011083157463164994,0.9836096135596571
-0.011083157463164994,0.9836096135596571
-0.011083157463164994,0.9836096135596571
-0.011083157463164994,0.9836096135596571
-0.011083157463164994,0.9836096135596571
-0.011083157463164994,0.9836096135596571
-0.011083157463164994,0.9836096135596571
-0.011083157463164994,0.9836096135596571
-0.011083157463164994,0.9836096135596571
-0.011083157463164994,0.9836096135596571
-0.011083157463164994,0.9836096135596571
-0.011083157463164994,0.9836096135596571
-0.011083157463164994,0.9836096135596571
-0.011083157463164994,0.9836096135596571
-0.011083157463164994,0.9836096135596571
-0.011083157463164994,0.9836096135596571
-0.011083157463164994,0.9836096135596571
-0.011083157463164994,0.9836096135596571
-0.011083157463164994,0.9836096135596571
-0.011083157463164994,0.9836096135596571
-0.011083157463164994,0.9836096135596571
-0.011083157463164994,0.9836096135596571
-0.011083157463164994,0.9836096135596571
-0.011083157463164994,0.9836096135596571
-0.011083157463164994,0.9836096135596571
-0.011083157463164994,0.9836096135596571
-0.011083157463164994,0.9836096135596571
-0.011083157463164994,0.9836096135596571
-0.011083157463164994,0.9836096135596571
-0.011083157463164994,0.9836096135596571
-0.011083157463164994,0.9836096135596571
-0.011083157463164994,0.9836096135596571
-0.011083157463164994,0.9836096135596571
-0.011083157463164994,0.9836096135596571
-0.011083157463164994,0.9836096135596571
-0.011083157463164994,0.9836096135596571
-0.011083157463164994,0.9836096135596571
-0.011083157463164994,0.9836096135596571
-0.011083157463164994,0.9836096135596571
-0.011083157463164994,0.9836096135596571
-0.011083157463164994,0.9836096135596571
-0.011083157463164994,0.9836096135596571
-0.011083157463164994,0.9836096135596571
-0.011083157463164994,0.9836096135596571
-0.011083157463164994,0.9836096135596571
-0.011083157463164994,0.9836096135596571
-0.011083157463164994,0.9836096135596571
-0.011083157463164994,0.9836096135596571
-0.011083157463164994,0.9836096135596571
-0.011083157463164994,0.9836096135596571
-0.011083157463164994,0.9836096135596571
-0.011083157463164994,0.9836096135596571
-0.011083157463164994,0.9836096135596571
-0.011083157463164994,0.9836096135596571
-0.011083157463164994,0.9836096135596571
-0.011083157463164994,0.9836096135596571
-0.011083157463164994,0.9836096135596571
-0.011083157463164994,0.9836096135596571
-0.011083157463164994,0.9836096135596571
-0.011083157463164994,0.9836096135596571
-0.011083157463164994,0.9836096135596571
-0.011083157463164994,0.9836096135596571
-0.011083157463164994,0.9836096135596571
-0.011083157463164994,0.9836096135596571
-0.011083157463164994,0.9836096135596571
-0.011083157463164994,0.9836096135596571
-0.011083157463164994,0.9836096135596571
-0.011083157463164994,0.9836096135596571
-0.011083157463164994,0.9836096135596571
-0.011083157463164994,0.9836096135596571
-0.011083157463164994,0.9836096135596571
-0.011083157463164994,0.9836096135596571
-0.011083157463164994,0.9836096135596571
-0.011083157463164994,0.9836096135596571
-0.011083157463164994,0.9836096135596571
-0.011083157463164994,0.9836096135596571
-0.011083157463164994,0.9836096135596571
-0.011083157463164994,0.9836096135596571
-0.011083157463164994,0.9836096135596571
-0.011083157463164994,0.9836096135596571
-0.011083157463164994,0.9836096135596571
-0.011083157463164994,0.9836096135596571
-0.011083157463164994,0.9836096135596571
-0.011083157463164994,0.9836096135596571
-0.011083157463164994,0.9836096135596571
-0.011083157463164994,0.9836096135596571
-0.011083157463164994,0.9836096135596571
-0.011083157463164994,0.9836096135596571
-0.011083157463164994,0.9836096135596571
-0.011083157463164994,0.9836096135596571
-0.011083157463164994,0.9836096135596571
-0.011083157463164994,0.9836096135596571
-0.011083157463164994,0.9836096135596571
-0.011083157463164994,0.9836096135596571
-0.011083157463164994,0.9836096135596571
-0.011083157463164994,0.9836096135596571
-0.011083157463164994,0.9836096135596571
-0.011083157463164994,0.9836096135596571
-0.011083157463164994,0.9836096135596571
-0.011083157463164994,0.9836096135596571
-0.011083157463164994,0.9836096135596571
-0.011083157463164994,0.9836096135596571
-0.011083157463164994,0.9836096135596571
-0.011083157463164994,0.9836096135596571
-0.011083157463164994,0.9836096135596571
-0.011083157463164994,0.9836096135596571
-0.011083157463164994,0.9836096135596571
-0.011083157463164994,0.9836096135596571
-0.011083157463164994,0.9836096135596571
-0.010054764671608206,0.9436610810958322
-0.009028730211989813,0.90366750757935
-0.008005568479076504,0.8636490565583407
-0.006986692068043019,0.823661357808383
-0.0059714477598153065,0.7836794335686724
-0.004959052721099068,0.7436728720137038
-0.003952017673406796,0.7037414916739336
-0.0029470752391364333,0.663756445267574
-0.0019445851104595805,0.6237320811827816
-0.0009463531486175146,0.5837407613844608
4.748175317020073e-05,0.5437888262739076
0.0010387429422657796,0.5038036290180067
0.002026663705321521,0.46381634587909926
0.0030120934908697272,0.4237929413412178
0.00399327925684442,0.3838049200036232
0.0049701443434835065,0.34385628687390113
0.005944640601430438,0.30386781567080096
0.006915788570231609,0.2638798355808397
0.007883620755732115,0.22389153643145351
0.008781167849469418,0.18667988808564528
0.009544015496667797,0.15494412287210413
0.010183907366723529,0.12823212053940722
0.010719200206577238,0.10580982355383958
0.011168939622548646,0.08690651216058676
0.011546501223590752,0.07098243587085687
0.011863402502332168,0.057570855167500545
0.012129785379567524,0.04625855019429972
0.012352835203288521,0.036753861816241434
0.012540226001787119,0.02874126977085554
0.012697376556526939,0.02199861889535962
0.012829441735579143,0.016312823167430136
0.012940026469169098,0.01153545643007043
0.013033066667527357,0.007502248452498213
0.013111099386870622,0.004107974376644244
0.013176517034209441,0.0012526582189259744
0.013231514195933929,-0.0011560693272648012
0.013277618362712355,-0.0031822501596070907
0.013316276821860033,-0.004887044408615776
0.013348766600703919,-0.006324725186431476
0.013375996067015767,-0.007533777579569205
0.013398831645454279,-0.008551212140474595
0.013418013849681483,-0.009408805754359931
0.01343408648439726,-0.010129847770275067
0.013447553260302033,-0.010736062573506028
0.013458864411158289,-0.01124698768713091
0.013468324342378785,-0.011675762505929386
0.013476267498182003,-0.012037024129676431
0.01348291456817895,-0.012340377954913316
0.013488481501526919,-0.012595309689885136
0.013493139904468196,-0.012809368965954665
0.01349703621811139,-0.012989024283706657
0.013500290570972257,-0.013139594895374562
0.013503014983567038,-0.01326607908009097
0.013505284681255742,-0.013371815154691543
0.013507177672809144,-0.013460304902190986
0.013508751511588708,-0.013534128392080997
0.013510059990557911,-0.01359571539845541
0.013511146287406498,-0.013647020396998112
0.013512043053762758,-0.013689519666361826
0.013512783116912126,-0.013724712892626292
0.01351339093261504,-0.013753716403562677
0.013513888693292182,-0.013777549874603522
0.013514292878468948,-0.013796969343297032
0.013514619614841756,-0.013812721598786912
0.013514880747497805,-0.013825354317220635
0.013515087068480137,-0.013835369724666553
0.013515247151898026,-0.013843167317782788
0.013515369020020275,-0.01384912382913386
0.013515458280080675,-0.013853501582501064
0.013515520492463599,-0.013856563252689223
0.013515560112046606,-0.013858519748269021
0.013515580796757227,-0.01385954470861057
0.013515585560623862,-0.013859781576814433
0.013515576969657923,-0.013859352949830145
0.013515557287949285,-0.013858367599849623
0.013515528316856637,-0.013856912203716354
0.013515491643153198,-0.013855063532140655
0.013515448497557522,-0.013852881156125691
0.013515405442216489,-0.01385069586562437
0.013515362597676517,-0.013848513770001491
0.013515362597676517,-0.013848513770001491
0.013515362597676517,-0.013848513770001491
0.013515362597676517,-0.013848513770001491
0.013515362597676517,-0.013848513770001491
0.013515362597676517,-0.013848513770001491
0.013515362597676517,-0.013848513770001491
0.013515362597676517,-0.013848513770001491
0.013515362597676517,-0.013848513770001491
0.013515362597676517,-0.013848513770001491
0.013515362597676517,-0.013848513770001491
0.013515362597676517,-0.013848513770001491
0.013515362597676517,-0.013848513770001491
0.013515362597676517,-0.013848513770001491
0.013515362597676517,-0.013848513770001491
0.013515362597676517,-0.013848513770001491
0.013515362597676517,-0.013848513770001491
0.013515362597676517,-0.013848513770001491
0.013515362597676517,-0.013848513770001491
0.013515362597676517,-0.013848513770001491
0.013515362597676517,-0.013848513770001491
0.013515362597676517,-0.013848513770001491
0.013515362597676517,-0.013848513770001491
0.013515362597676517,-0.013848513770001491
0.013515362597676517,-0.013848513770001491
0.013515362597676517,-0.013848513770001491
0.013515362597676517,-0.013848513770001491
0.013515362597676517,-0.013848513770001491
0.013515362597676517,-0.013848513770001491
0.013515362597676517,-0.013848513770001491
0.013515362597676517,-0.013848513770001491
0.013515362597676517,-0.013848513770001491
0.013515362597676517,-0.013848513770001491
0.013515362597676517,-0.013848513770001491
0.013515362597676517,-0.013848513770001491
0.013515362597676517,-0.013848513770001491
0.013515362597676517,-0.013848513770001491
0.013515362597676517,-0.013848513770001491
0.013515362597676517,-0.013848513770001491
0.013515362597676517,-0.013848513770001491
0.013515362597676517,-0.013848513770001491
0.013515362597676517,-0.013848513770001491
0.013515362597676517,-0.013848513770001491
0.013515362597676517,-0.013848513770001491
0.013515362597676517,-0.013848513770001491
0.013515362597676517,-0.013848513770001491
0.013515362597676517,-0.013848513770001491
0.013515362597676517,-0.013848513770001491
0.013515362597676517,-0.013848513770001491
0.013515362597676517,-0.013848513770001491
0.013515362597676517,-0.013848513770001491
0.013515362597676517,-0.013848513770001491
0.013515362597676517,-0.013848513770001491
0.013515362597676517,-0.013848513770001491
0.013515362597676517,-0.013848513770001491
0.013515362597676517,-0.013848513770001491
0.013515362597676517,-0.013848513770001491
0.013515362597676517,-0.013848513770001491
0.013515362597676517,-0.013848513770001491
0.013515362597676517,-0.013848513770001491
0.013515362597676517,-0.013848513770001491
0.013515362597676517,-0.013848513770001491
0.013515362597676517,-0.013848513770001491
0.013515362597676517,-0.013848513770001491
0.013515362597676517,-0.013848513770001491
0.013515362597676517,-0.013848513770001491
0.013515362597676517,-0.013848513770001491
0.013515362597676517,-0.013848513770001491
0.013515362597676517,-0.013848513770001491
0.013515362597676517,-0.013848513770001491
0.013515362597676517,-0.013848513770001491
0.013515362597676517,-0.013848513770001491
0.013515362597676517,-0.013848513770001491
0.013515362597676517,-0.013848513770001491
0.013515362597676517,-0.013848513770001491
0.013515362597676517,-0.013848513770001491
0.013515362597676517,-0.013848513770001491
0.013515362597676517,-0.013848513770001491
0.013515362597676517,-0.013848513770001491
0.013515362597676517,-0.013848513770001491
0.013515362597676517,-0.013848513770001491
0.013515362597676517,-0.013848513770001491
0.013515362597676517,-0.013848513770001491
0.013515362597676517,-0.013848513770001491
0.013515362597676517,-0.013848513770001491
0.013515362597676517,-0.013848513770001491
0.013515362597676517,-0.013848513770001491
0.013515362597676517,-0.013848513770001491
0.013515362597676517,-0.013848513770001491
0.013515362597676517,-0.013848513770001491
0.013515362597676517,-0.013848513770001491
0.013515362597676517,-0.013848513770001491
0.013515362597676517,-0.013848513770001491
0.013515362597676517,-0.013848513770001491
0.013515362597676517,-0.013848513770001491
0.013515362597676517,-0.013848513770001491
0.013515362597676517,-0.013848513770001491
0.013515362597676517,-0.013848513770001491
0.013515362597676517,-0.013848513770001491
0.013515362597676517,-0.013848513770001491
0.013515362597676517,-0.013848513770001491
0.013515362597676517,-0.013848513770001491
0.013515362597676517,-0.013848513770001491
0.013515362597676517,-0.013848513770001491
0.013515362597676517,-0.013848513770001491
0.013515362597676517,-0.013848513770001491
0.013515362597676517,-0.013848513770001491
0.013515362597676517,-0.013848513770001491
0.013515362597676517,-0.013848513770001491
0.013515362597676517,-0.013848513770001491
0.013515362597676517,-0.013848513770001491
0.013515362597676517,-0.013848513770001491
0.013515362597676517,-0.013848513770001491
0.013515362597676517,-0.013848513770001491
0.013515362597676517,-0.013848513770001491
0.013515362597676517,-0.013848513770001491
0.013515362597676517,-0.013848513770001491
0.013515362597676517,-0.013848513770001491
0.013515362597676517,-0.013848513770001491
0.013515362597676517,-0.013848513770001491
0.013515362597676517,-0.013848513770001491
0.013515362597676517,-0.013848513770001491
0.013515362597676517,-0.013848513770001491
0.013515362597676517,-0.013848513770001491
0.013515362597676517,-0.013848513770001491
0.013515362597676517,-0.013848513770001491
0.013515362597676517,-0.013848513770001491
0.013515362597676517,-0.013848513770001491
0.013515362597676517,-0.013848513770001491
