0,0
0.0,0.0
0.0,0.0
0.0,0.0
0.0,0.0
0.0,0.0
0.0,0.0
0.0,0.0
0.0,0.0
0.0,0.0
0.0,0.0
0.0,0.0
0.0,0.0
0.0,0.0
0.0,0.0
0.0,0.0
0.0,0.0
0.0,0.0
0.0,0.0
0.0,0.0
0.0,0.0
0.0,0.0
0.0400011062,0.0
0.080004692,0.0
0.1200022698,0.0
0.16000971800000002,0.0
0.20001087180000002,0.0
0.23999967580000003,0.0
0.28000435840000004,0.0
0.31998806,0.0
0.3600100994,0.0
0.4000012874,0.0
0.4400013924,0.0
0.48000316620000005,0.0
0.5199988842000001,0.0
0.560000801,0.0
0.600013876,0.0
0.6400069236,0.0
0.6800037384,0.0
0.7199834345999999,0.0
0.7564952140999291,0.0
0.7891914626129735,0.0
0.8183799392206488,0.0
0.8444784234593657,0.0
0.8678195761167561,0.0
0.8886995307579174,0.0
0.9073467148925695,0.0
0.9240236829018897,0.0
0.9389251731437235,0.0
0.95222195079112,0.0
0.9641209804311859,0.0
0.974740728392334,0.0
0.9842260520795587,0.0
0.9926673864168882,0.0
1.0002070877797111,0.0
1.0069361485643413,0.0
1.0129245050511806,0.0
1.0182636723021443,0.0
1.0230178059444368,0.0
1.0272366486351758,0.0
1.0309978193829061,0.0
1.0343321184011318,0.0
1.0372863496984779,0.0
1.0399071528795258,0.0
1.0422253118526914,0.0
1.044279590108663,0.0
1.0460877702836673,0.0
1.0476816801213693,0.0
1.0490816476740075,0.0
1.050306170779315,0.0
1.0513779269551453,0.0
1.0523111259860116,0.0
1.0531204269505,0.0
1.053819307833327,0.0
1.0544182964347117,0.0
1.0549295745918061,0.0
1.0553617763590026,0.0
1.0557226012369398,0.0
1.0560199782957727,0.0
1.0562606705952264,0.0
1.0564514591356187,0.0
1.0565967887324144,0.0
1.0567016841127381,0.0
1.0568067040480043,0.0
1.0569115791488894,0.0
1.0569115791488894,0.0
1.0569115791488894,0.0
1.0569115791488894,0.0
1.0569115791488894,0.0
1.0569115791488894,0.0
1.0569115791488894,0.0
1.0569115791488894,0.0
1.0569115791488894,0.0
1.0569115791488894,0.0
1.0569115791488894,0.0
1.0569115791488894,0.0
1.0569115791488894,0.0
1.0569115791488894,0.0
1.0569115791488894,0.0
1.0569115791488894,0.0
1.0569115791488894,0.0
1.0569115791488894,0.0
1.0569115791488894,0.0
1.0569115791488894,0.0
1.0569115791488894,0.0
1.0569115791488894,0.0
1.0569115791488894,0.0
1.0569115791488894,0.0
1.0569115791488894,0.0
1.0569115791488894,0.0
1.0569115791488894,0.0
1.0569115791488894,0.0
1.0569115791488894,0.0
1.0569115791488894,0.0
1.0569115791488894,0.0
1.0569115791488894,0.0
1.0569115791488894,0.0
1.0569115791488894,0.0
1.0569115791488894,0.0
1.0569115791488894,0.0
1.0569115791488894,0.0
1.0569115791488894,0.0
1.0569115791488894,0.0
1.0569115791488894,0.0
1.0569115791488894,0.0
1.0569115791488894,0.0
1.0569115791488894,0.0
1.0569115791488894,0.0
1.0569115791488894,0.0
1.0569115791488894,0.0
1.0569115791488894,0.0
1.0569115791488894,0.0
1.0569115791488894,0.0
1.0569115791488894,0.0
1.0569115791488894,0.0
1.0569115791488894,0.0
1.0569115791488894,0.0
1.055407702048561,0.04001176390717323
1.0539049705734165,0.07998697164855316
1.0524042003974559,0.1199259400834877
1.050902109746226,0.15993161556227087
1.0494038783401471,0.19987707360834017
1.0479046967988648,0.23990017935345387
1.0464106515331186,0.27984732105594545
1.0449196555635065,0.3197815500201192
1.0434302048319561,0.35974952463547605
1.0419412299065176,0.3997856087014855
1.04045866233876,0.4397351343709063
1.0389790133996297,0.47969593389537507
1.0375032451181996,0.5196452818210834
1.0360277869794765,0.5596828683824207
1.034560155195944,0.5996073220541216
1.0330929058480327,0.6396229271256942
1.0316309313327032,0.6795983577195154
1.0301751417076122,0.7195098370455026
1.0287187501559538,0.7595446385971385
1.027385485200033,0.7962943121917255
1.0261956467442377,0.8291805060081437
1.0251349532670877,0.8585781875600856
1.0241902697803535,0.8848335263206197
1.0233466670355114,0.9083452775334473
1.0225963788899117,0.929315340391625
1.021928711626468,0.9480290827836032
1.021333912703771,0.964747831875581
1.0208046773059567,0.9796661748318818
1.0203327072033272,0.9930083833564949
1.0199143200956338,1.0048698675076635
1.0195417402253442,1.0154630589906142
1.0192103893953453,1.0249112053750986
1.01891700737752,1.0333009094585153
1.0186562464375088,1.0407793084200612
1.0184246692273693,1.0474399806067063
1.0182197986766772,1.0533496249043308
1.0180386416722664,1.0585904067064766
1.0178783623892793,1.063240666366864
1.0177366884231878,1.0673630664447402
1.0176116813777845,1.071011077415862
1.0175017394276047,1.0742287975970113
1.0174050226336961,1.077067689636181
1.0173201358437738,1.0795665952100444
1.017245753613751,1.0817626481448865
1.017180980120883,1.083680596158465
1.0171245633251293,1.085355968957986
1.017075653495436,1.0868126484891913
1.0170334267244396,1.088073954555869
1.0169971032276688,1.0891620959723798
1.016966170039036,1.0900914672355202
1.0169398946759975,1.0908831973478208
1.0169178730086101,1.0915486942688972
1.0168996400244799,1.0921013049333794
1.0168847017653104,1.0925553778642376
1.016872749590383,1.0929197450619579
1.0168634259508516,1.0932048097079479
1.0168564572937109,1.093418494618092
1.0168515915504994,1.0935681323543998
1.0168485757452963,1.0936611487859151
1.0168472094490126,1.093703412519045
1.0168472990490889,1.0937006328093852
1.0168473885645126,1.0936978476244144
1.0168474776564338,1.0936950674899777
1.0168474776564338,1.0936950674899777
1.0168474776564338,1.0936950674899777
1.0168474776564338,1.0936950674899777
1.0168474776564338,1.0936950674899777
1.0168474776564338,1.0936950674899777
1.0168474776564338,1.0936950674899777
1.0168474776564338,1.0936950674899777
1.0168474776564338,1.0936950674899777
1.0168474776564338,1.0936950674899777
1.0168474776564338,1.0936950674899777
1.0168474776564338,1.0936950674899777
1.0168474776564338,1.0936950674899777
1.0168474776564338,1.0936950674899777
1.0168474776564338,1.0936950674899777
1.0168474776564338,1.0936950674899777
1.0168474776564338,1.0936950674899777
1.0168474776564338,1.0936950674899777
1.0168474776564338,1.0936950674899777
1.0168474776564338,1.0936950674899777
1.0168474776564338,1.0936950674899777
1.0168474776564338,1.0936950674899777
1.0168474776564338,1.0936950674899777
1.0168474776564338,1.0936950674899777
1.0168474776564338,1.0936950674899777
1.0168474776564338,1.0936950674899777
1.0168474776564338,1.0936950674899777
1.0168474776564338,1.0936950674899777
1.0168474776564338,1.0936950674899777
1.0168474776564338,1.0936950674899777
1.0168474776564338,1.0936950674899777
1.0168474776564338,1.0936950674899777
1.0168474776564338,1.0936950674899777
1.0168474776564338,1.0936950674899777
1.0168474776564338,1.0936950674899777
1.0168474776564338,1.0936950674899777
1.0168474776564338,1.0936950674899777
1.0168474776564338,1.0936950674899777
1.0168474776564338,1.0936950674899777
1.0168474776564338,1.0936950674899777
1.0168474776564338,1.0936950674899777
1.0168474776564338,1.0936950674899777
1.0168474776564338,1.0936950674899777
1.0168474776564338,1.0936950674899777
1.0168474776564338,1.0936950674899777
1.0168474776564338,1.0936950674899777
1.0168474776564338,1.0936950674899777
1.0168474776564338,1.0936950674899777
1.0168474776564338,1.0936950674899777
1.0168474776564338,1.0936950674899777
1.0168474776564338,1.0936950674899777
1.0168474776564338,1.0936950674899777
1.0168474776564338,1.0936950674899777
1.0168474776564338,1.0936950674899777
1.0168474776564338,1.0936950674899777
1.0168474776564338,1.0936950674899777
1.0168474776564338,1.0936950674899777
1.0168474776564338,1.0936950674899777
1.0168474776564338,1.0936950674899777
1.0168474776564338,1.0936950674899777
1.0168474776564338,1.0936950674899777
1.0168474776564338,1.0936950674899777
1.0168474776564338,1.0936950674899777
1.0168474776564338,1.0936950674899777
1.0168474776564338,1.0936950674899777
1.0168474776564338,1.0936950674899777
1.0168474776564338,1.0936950674899777
1.0168474776564338,1.0936950674899777
1.0168474776564338,1.0936950674899777
1.0168474776564338,1.0936950674899777
1.0168474776564338,1.0936950674899777
1.0168474776564338,1.0936950674899777
1.0168474776564338,1.0936950674899777
1.0168474776564338,1.0936950674899777
1.0168474776564338,1.0936950674899777
1.0168474776564338,1.0936950674899777
1.0168474776564338,1.0936950674899777
1.0168474776564338,1.0936950674899777
1.0168474776564338,1.0936950674899777
1.0168474776564338,1.0936950674899777
1.0168474776564338,1.0936950674899777
1.0168474776564338,1.0936950674899777
1.0168474776564338,1.0936950674899777
1.0168474776564338,1.0936950674899777
1.0168474776564338,1.0936950674899777
1.0168474776564338,1.0936950674899777
1.0168474776564338,1.0936950674899777
1.0168474776564338,1.0936950674899777
1.0168474776564338,1.0936950674899777
1.0168474776564338,1.0936950674899777
1.0168474776564338,1.0936950674899777
1.0168474776564338,1.0936950674899777
1.0168474776564338,1.0936950674899777
1.0168474776564338,1.0936950674899777
1.0168474776564338,1.0936950674899777
1.0168474776564338,1.0936950674899777
1.0168474776564338,1.0936950674899777
1.0168474776564338,1.0936950674899777
1.0168474776564338,1.0936950674899777
1.0168474776564338,1.0936950674899777
1.0168474776564338,1.0936950674899777
1.0168474776564338,1.0936950674899777
1.0168474776564338,1.0936950674899777
0.976906337482788,1.0909047235820213
0.9369792827895355,1.0881187059679787
0.8971361343588676,1.0853427141205785
0.8571727349838744,1.0825631198772592
0.8173278981646142,1.0797969682660218
0.7773627552345506,1.0770280332027589
0.737475837910226,1.0742704252241415
0.6976211770228511,1.0715212215194292
0.6576894874744091,1.0687731186980434
0.6177399805015381,1.066030424261156
0.5778582271576197,1.063299182982444
0.5379547367647847,1.0605733930320453
0.49808164167409613,1.0578567385121846
0.458131182243718,1.0551419822962362
0.41824678861535797,1.0524389738620559
0.37835595548458345,1.0497428429591382
0.33841457712734646,1.0470506781666948
0.29853735692882866,1.0443702631088856
0.2585823260270219,1.0416920848548734
0.21905158855765502,1.039049774856979
0.1833624591841682,1.0366709571349917
0.15144231157484328,1.0345493770014502
0.12295071355430982,1.0326610577176911
0.09748214957836865,1.0309779088819067
0.07470936887159751,1.029477224506788
0.05437696317794076,1.0281412037250355
0.03625306330251765,1.0269537272438036
0.02005211895208895,1.0258952969330213
0.005591611105519879,1.0249532975223155
-0.007318232839926412,1.024114743289136
-0.018810114531916354,1.023370454347774
-0.029054170969521606,1.0227089032573606
-0.03818834241409533,1.0221207371926648
-0.046320015398432106,1.0215986445905132
-0.05355125173451707,1.0211357137100228
-0.059967065600101774,1.0207261796436078
-0.06566312360088875,1.0203636456659042
-0.07071805391249196,1.0200428523502665
-0.07520175858217702,1.0197591378735256
-0.07916125278806352,1.019509323874895
-0.08265728228752997,1.0192893931380325
-0.08574153046306372,1.0190959318496302
-0.08845503346160057,1.0189262216353772
-0.09083742930087926,1.0187776539267075
-0.0929257830862,1.018647802350545
-0.09474507868243207,1.0185350106520048
-0.0963253116457571,1.0184373259021258
-0.09769258388507833,1.0183530519589072
-0.09887178415457058,1.0182805818462803
-0.09987993302650806,1.0182188048177379
-0.10073590417520134,1.0181665058555587
-0.1014555258477196,1.0181226661040286
-0.10205241874051461,1.0180864091147885
-0.10254199942110546,1.0180567571663302
-0.10293385385209104,1.0180330933917285
-0.1032384794672575,1.0180147509600637
-0.10346582623823493,1.018001101623398
-0.10362347562397188,1.017991664355301
-0.10371929583246889,1.0179859450304969
-0.10376003182863945,1.0179835206701389
-0.10375132791023332,1.0179840371618258
-0.10369862535612566,1.0179871554273976
-0.10364606388803041,1.0179902562646044
-0.10359338335623607,1.0179933550492921
-0.10359338335623607,1.0179933550492921
-0.10359338335623607,1.0179933550492921
-0.10359338335623607,1.0179933550492921
-0.10359338335623607,1.0179933550492921
-0.10359338335623607,1.0179933550492921
-0.10359338335623607,1.0179933550492921
-0.10359338335623607,1.0179933550492921
-0.10359338335623607,1.0179933550492921
-0.10359338335623607,1.0179933550492921
-0.10359338335623607,1.0179933550492921
-0.10359338335623607,1.0179933550492921
-0.10359338335623607,1.0179933550492921
-0.10359338335623607,1.0179933550492921
-0.10359338335623607,1.0179933550492921
-0.10359338335623607,1.0179933550492921
-0.10359338335623607,1.0179933550492921
-0.10359338335623607,1.0179933550492921
-0.10359338335623607,1.0179933550492921
-0.10359338335623607,1.0179933550492921
-0.10359338335623607,1.0179933550492921
-0.10359338335623607,1.0179933550492921
-0.10359338335623607,1.0179933550492921
-0.10359338335623607,1.0179933550492921
-0.10359338335623607,1.0179933550492921
-0.10359338335623607,1.0179933550492921
-0.10359338335623607,1.0179933550492921
-0.10359338335623607,1.0179933550492921
-0.10359338335623607,1.0179933550492921
-0.10359338335623607,1.0179933550492921
-0.10359338335623607,1.0179933550492921
-0.10359338335623607,1.0179933550492921
-0.10359338335623607,1.0179933550492921
-0.10359338335623607,1.0179933550492921
-0.10359338335623607,1.0179933550492921
-0.10359338335623607,1.0179933550492921
-0.10359338335623607,1.0179933550492921
-0.10359338335623607,1.0179933550492921
-0.10359338335623607,1.0179933550492921
-0.10359338335623607,1.0179933550492921
-0.10359338335623607,1.0179933550492921
-0.10359338335623607,1.0179933550492921
-0.10359338335623607,1.0179933550492921
-0.10359338335623607,1.0179933550492921
-0.10359338335623607,1.0179933550492921
-0.10359338335623607,1.0179933550492921
-0.10359338335623607,1.0179933550492921
-0.10359338335623607,1.0179933550492921
-0.10359338335623607,1.0179933550492921
-0.10359338335623607,1.0179933550492921
-0.10359338335623607,1.0179933550492921
-0.1002292565597908,0.9781347763116499
-0.09686977151673429,0.938278150759424
-0.0935157411910919,0.898421879274184
-0.09016726573540594,0.8585592550604616
-0.08682496753629776,0.8186920452172198
-0.08349081668243187,0.7788388908609456
-0.08016275109147517,0.7389707773690982
-0.07684316792057885,0.6991125791402388
-0.0735305171218974,0.6592426074980041
-0.07022733341244801,0.6193886929306213
-0.06693195785000912,0.5795285815018307
-0.06364177763147971,0.5396286162056262
-0.06036425693836993,0.4997776544109339
-0.05709535572763212,0.45992541032764755
-0.05383515665293777,0.4200717837741484
-0.05058176265237791,0.3801924839004054
-0.047338271952186255,0.34032472037719036
-0.04410365268357876,0.3004553271244704
-0.04087780039699454,0.2605824966920692
-0.03766156960438247,0.22071639953359962
-0.034561950847387564,0.18218675810291224
-0.03178060253786128,0.14751489269165535
-0.029301925188824053,0.11652772013865734
-0.027096134973705766,0.08887290095249262
-0.025131281506965523,0.06416791178033732
-0.023381356144423743,0.0421016798268846
-0.021823005640870297,0.02239437793848087
-0.020436775217050198,0.004812970731868576
-0.019203358576746384,-0.010875680234186842
-0.018106799022270033,-0.024864053667736433
-0.01713265412431796,-0.037326981727436696
-0.016267149896380267,-0.04843224094577483
-0.015499389155487616,-0.05831205798575994
-0.014818310062300374,-0.06710197306297846
-0.014214805455039224,-0.07491344307644461
-0.013680488399855296,-0.08184956091464533
-0.013208218654882881,-0.08799812688527299
-0.012790917015446466,-0.09344692455593034
-0.012422946939494924,-0.09826562929051932
-0.012098919058046994,-0.10252130909697983
-0.011814097180414372,-0.1062730205571965
-0.011564517888439775,-0.10957013128822458
-0.011345716889667524,-0.11246909044550032
-0.011155027152586315,-0.11500299285814622
-0.010989143687790286,-0.11721371650370867
-0.010845198722147838,-0.11913768169769867
-0.0107212801307307,-0.12079882827834225
-0.010614896166455756,-0.12222909216425891
-0.010524181621981848,-0.12345225953964883
-0.010447456378119422,-0.12448982629471075
-0.010383172318646279,-0.12536169466263053
-0.0103300249881315,-0.12608462892449523
-0.01028674328304149,-0.12667508940994943
-0.010252244216248173,-0.12714711243984322
-0.01022558802356561,-0.12751289570543525
-0.010205897818751022,-0.12778388086632983
-0.010192365129730402,-0.12797066900310108
-0.010184338644287477,-0.12808178119191682
-0.010181175974637519,-0.12812569078383598
-0.010182364428393287,-0.12810914231143272
-0.010187399907785239,-0.12803882100848107
-0.010195819140766647,-0.12792090076200727
-0.010204212080382753,-0.12780300463445238
-0.010212581057027322,-0.12768510002229738
-0.010212581057027322,-0.12768510002229738
-0.010212581057027322,-0.12768510002229738
-0.010212581057027322,-0.12768510002229738
-0.010212581057027322,-0.12768510002229738
-0.010212581057027322,-0.12768510002229738
-0.010212581057027322,-0.12768510002229738
-0.010212581057027322,-0.12768510002229738
-0.010212581057027322,-0.12768510002229738
-0.010212581057027322,-0.12768510002229738
-0.010212581057027322,-0.12768510002229738
-0.010212581057027322,-0.12768510002229738
-0.010212581057027322,-0.12768510002229738
-0.010212581057027322,-0.12768510002229738
-0.010212581057027322,-0.12768510002229738
-0.010212581057027322,-0.12768510002229738
-0.010212581057027322,-0.12768510002229738
-0.010212581057027322,-0.12768510002229738
-0.010212581057027322,-0.12768510002229738
-0.010212581057027322,-0.12768510002229738
-0.010212581057027322,-0.12768510002229738
-0.010212581057027322,-0.12768510002229738
-0.010212581057027322,-0.12768510002229738
-0.010212581057027322,-0.12768510002229738
-0.010212581057027322,-0.12768510002229738
-0.010212581057027322,-0.12768510002229738
-0.010212581057027322,-0.12768510002229738
-0.010212581057027322,-0.12768510002229738
-0.010212581057027322,-0.12768510002229738
-0.010212581057027322,-0.12768510002229738
-0.010212581057027322,-0.12768510002229738
-0.010212581057027322,-0.12768510002229738
-0.010212581057027322,-0.12768510002229738
-0.010212581057027322,-0.12768510002229738
-0.010212581057027322,-0.12768510002229738
-0.010212581057027322,-0.12768510002229738
-0.010212581057027322,-0.12768510002229738
-0.010212581057027322,-0.12768510002229738
-0.010212581057027322,-0.12768510002229738
-0.010212581057027322,-0.12768510002229738
-0.010212581057027322,-0.12768510002229738
-0.010212581057027322,-0.12768510002229738
-0.010212581057027322,-0.12768510002229738
-0.010212581057027322,-0.12768510002229738
-0.010212581057027322,-0.12768510002229738
-0.010212581057027322,-0.12768510002229738
-0.010212581057027322,-0.12768510002229738
-0.010212581057027322,-0.12768510002229738
-0.010212581057027322,-0.12768510002229738
-0.010212581057027322,-0.12768510002229738
-0.010212581057027322,-0.12768510002229738
-0.010212581057027322,-0.12768510002229738
-0.010212581057027322,-0.12768510002229738
-0.010212581057027322,-0.12768510002229738
-0.010212581057027322,-0.12768510002229738
-0.010212581057027322,-0.12768510002229738
-0.010212581057027322,-0.12768510002229738
-0.010212581057027322,-0.12768510002229738
-0.010212581057027322,-0.12768510002229738
-0.010212581057027322,-0.12768510002229738
-0.010212581057027322,-0.12768510002229738
-0.010212581057027322,-0.12768510002229738
-0.010212581057027322,-0.12768510002229738
-0.010212581057027322,-0.12768510002229738
-0.010212581057027322,-0.12768510002229738
-0.010212581057027322,-0.12768510002229738
-0.010212581057027322,-0.12768510002229738
-0.010212581057027322,-0.12768510002229738
-0.010212581057027322,-0.12768510002229738
-0.010212581057027322,-0.12768510002229738
-0.010212581057027322,-0.12768510002229738
-0.010212581057027322,-0.12768510002229738
-0.010212581057027322,-0.12768510002229738
-0.010212581057027322,-0.12768510002229738
-0.010212581057027322,-0.12768510002229738
-0.010212581057027322,-0.12768510002229738
-0.010212581057027322,-0.12768510002229738
-0.010212581057027322,-0.12768510002229738
-0.010212581057027322,-0.12768510002229738
-0.010212581057027322,-0.12768510002229738
-0.010212581057027322,-0.12768510002229738
-0.010212581057027322,-0.12768510002229738
-0.010212581057027322,-0.12768510002229738
-0.010212581057027322,-0.12768510002229738
-0.010212581057027322,-0.12768510002229738
-0.010212581057027322,-0.12768510002229738
-0.010212581057027322,-0.12768510002229738
-0.010212581057027322,-0.12768510002229738
-0.010212581057027322,-0.12768510002229738
-0.010212581057027322,-0.12768510002229738
-0.010212581057027322,-0.12768510002229738
-0.010212581057027322,-0.12768510002229738
-0.010212581057027322,-0.12768510002229738
-0.010212581057027322,-0.12768510002229738
-0.010212581057027322,-0.12768510002229738
-0.010212581057027322,-0.12768510002229738
-0.010212581057027322,-0.12768510002229738
-0.010212581057027322,-0.12768510002229738
-0.010212581057027322,-0.12768510002229738
-0.010212581057027322,-0.12768510002229738
-0.010212581057027322,-0.12768510002229738
-0.010212581057027322,-0.12768510002229738
-0.010212581057027322,-0.12768510002229738
-0.010212581057027322,-0.12768510002229738
-0.010212581057027322,-0.12768510002229738
-0.010212581057027322,-0.12768510002229738
-0.010212581057027322,-0.12768510002229738
-0.010212581057027322,-0.12768510002229738
-0.010212581057027322,-0.12768510002229738
-0.010212581057027322,-0.12768510002229738
-0.010212581057027322,-0.12768510002229738
-0.010212581057027322,-0.12768510002229738
-0.010212581057027322,-0.12768510002229738
-0.010212581057027322,-0.12768510002229738
-0.010212581057027322,-0.12768510002229738
-0.010212581057027322,-0.12768510002229738
-0.010212581057027322,-0.12768510002229738
-0.010212581057027322,-0.12768510002229738
-0.010212581057027322,-0.12768510002229738
-0.010212581057027322,-0.12768510002229738
-0.010212581057027322,-0.12768510002229738
-0.010212581057027322,-0.12768510002229738
-0.010212581057027322,-0.12768510002229738
-0.010212581057027322,-0.12768510002229738
-0.010212581057027322,-0.12768510002229738
-0.010212581057027322,-0.12768510002229738
-0.010212581057027322,-0.12768510002229738
-0.010212581057027322,-0.12768510002229738
-0.010212581057027322,-0.12768510002229738
-0.010212581057027322,-0.12768510002229738
-0.010212581057027322,-0.12768510002229738
-0.010212581057027322,-0.12768510002229738
-0.010212581057027322,-0.12768510002229738
-0.010212581057027322,-0.12768510002229738
-0.010212581057027322,-0.12768510002229738
-0.010212581057027322,-0.12768510002229738
-0.010212581057027322,-0.12768510002229738
-0.010212581057027322,-0.12768510002229738
-0.010212581057027322,-0.12768510002229738
-0.010212581057027322,-0.12768510002229738
-0.010212581057027322,-0.12768510002229738
-0.010212581057027322,-0.12768510002229738
-0.010212581057027322,-0.12768510002229738
-0.010212581057027322,-0.12768510002229738
-0.010212581057027322,-0.12768510002229738
-0.010212581057027322,-0.12768510002229738
-0.010212581057027322,-0.12768510002229738
-0.010212581057027322,-0.12768510002229738
-0.010212581057027322,-0.12768510002229738
-0.010212581057027322,-0.12768510002229738
-0.010212581057027322,-0.12768510002229738
-0.010212581057027322,-0.12768510002229738
-0.010212581057027322,-0.12768510002229738
-0.010212581057027322,-0.12768510002229738
-0.010212581057027322,-0.12768510002229738
-0.010212581057027322,-0.12768510002229738
-0.010212581057027322,-0.12768510002229738
-0.010212581057027322,-0.12768510002229738
-0.010212581057027322,-0.12768510002229738
-0.010212581057027322,-0.12768510002229738
-0.010212581057027322,-0.12768510002229738
-0.010212581057027322,-0.12768510002229738
-0.010212581057027322,-0.12768510002229738
-0.010212581057027322,-0.12768510002229738
-0.010212581057027322,-0.12768510002229738
-0.010212581057027322,-0.12768510002229738
-0.010212581057027322,-0.12768510002229738
-0.010212581057027322,-0.12768510002229738
-0.010212581057027322,-0.12768510002229738
-0.010212581057027322,-0.12768510002229738
-0.010212581057027322,-0.12768510002229738
-0.010212581057027322,-0.12768510002229738
-0.010212581057027322,-0.12768510002229738
-0.010212581057027322,-0.12768510002229738
-0.010212581057027322,-0.12768510002229738
-0.010212581057027322,-0.12768510002229738
