0,0,0
0,0,0.0
0,0,0.0
0.0,0.1904242725737817,0.0
0.0,-0.07894261271821894,0.0
0.0,-0.03268559570247104,-0.005882005916511592
0.0,0.01441165026688111,-0.0032876546729032558
0.0,0.007814760496371193,-0.0018809672661352264
0.0,-0.0003737802554673891,-0.0004742865620872747
0.0,-0.0002394586312955559,0.0009323052623451235
0.0,0.0003420189788184583,0.0009938744910423852
0.0,-0.00030807746598813217,0.0009384256242503531
0.0,-0.0006238028869149797,0.0008261408098587927
0.0,-0.0004885471235008485,0.0007382028306367584
0.0,-0.00038046471750737275,0.0006697202265459174
0.0,-0.00035144836979133457,0.0006064573934748261
0.0,-0.00032779672353321304,0.0005473905949901801
0.0,-0.00029556650836120473,0.0004942416948458282
0.0,-0.00026527570567078053,0.00044645630932315256
0.0,-0.00023959085328143783,0.00040336295105873057
0.0,-0.00021669802833988128,0.00036428554980762624
0.0,-0.00019576263637996412,0.0003290814936141359
0.0,-0.0001767787719791708,0.000297261382912169
0.0,-0.000159677227608487,0.00026854284249749227
0.0,-0.00014425342430819833,0.000242576941279205
0.0,-0.00013031375196678556,0.00021908844361415974
0.0,-0.00011770945450803363,0.0001979312984943891
0.0,-0.0001063206516837787,0.00017879305193773691
0.0,-9.60440263411335e-05,0.00016147995969481325
0.0,-8.675886911120206e-05,0.00014587918349165445
0.0,-7.83638775552445e-05,0.00013177983651620583
0.0,-7.078745878676029e-05,0.0001190368605339071
0.0,-6.394745936778366e-05,0.00010752793427321546
0.0,-5.776487846501941e-05,9.712980743771254e-05
0.0,-5.217869275615234e-05,8.772468634432845e-05
0.0,-4.713119477621065e-05,7.924583262872669e-05
0.0,-4.257053087945015e-05,7.158275156021209e-05
0.0,-3.845362373817737e-05,6.46617495073547e-05
0.0,-3.473644157378296e-05,5.841619495403965e-05
0.0,-3.137885156822163e-05,5.276605442888473e-05
0.0,-2.834638024602301e-05,4.765942271615206e-05
0.0,-2.5605113135618844e-05,4.305492412689368e-05
0.0,-2.312798276797651e-05,3.88881096057157e-05
0.0,-2.0891650260795232e-05,3.513074965942156e-05
0.0,-1.88716896885879e-05,3.173403502875792e-05
0.0,-1.7047251002880015e-05,2.8665357198795537e-05
0.0,-1.5399319947379604e-05,2.5893594599609046e-05
0.0,-1.3910217611391721e-05,2.3389668270917027e-05
0.0,-1.2565057365348822e-05,2.112578968869914e-05
0.0,-1.1349728440186167e-05,1.908168614073927e-05
0.0,-1.0251418652147887e-05,1.7239267974179958e-05
0.0,-9.259892825492012e-06,1.5572204721259577e-05
0.0,-8.365226149683868e-06,1.4065131780111195e-05
0.0,-7.556563386838557e-06,1.270633639533667e-05
0.0,-6.825535973841411e-06,1.1476437595495443e-05
0.0,-6.165487679687346e-06,1.0366784491448045e-05
0.0,-5.569195652670398e-06,9.365200207060322e-06
0.0,-5.030646635157923e-06,8.458919339571146e-06
0.0,-4.5443771148521e-06,7.641551436452168e-06
0.0,-4.104960818138503e-06,6.902059350452018e-06
0.0,-3.7079776778442946e-06,6.235215964825394e-06
0.0,-3.3494247251498646e-06,5.6323624917718936e-06
0.0,-3.0256449814647317e-06,5.087351532099677e-06
0.0,-2.7331234186574722e-06,4.595754566708691e-06
0.0,-2.468770387288119e-06,4.1509864324212274e-06
0.0,-2.2300273068646355e-06,3.7493201544171856e-06
0.0,-2.0143012144210104e-06,3.3872653795885456e-06
0.0,-1.8194639890449315e-06,3.0595138709840547e-06
0.0,-1.6436150792731268e-06,2.7639240704183125e-06
0.0,-1.484740099123361e-06,2.4966497609521553e-06
0.0,-1.3411972612572834e-06,2.2550059798719435e-06
0.0,-1.2114988541332728e-06,2.0371069271440127e-06
0.0,-1.0943007407215173e-06,1.8399070929732045e-06
0.0,-9.884666476404481e-07,1.661964389468924e-06
0.0,-8.928478374976169e-07,1.5014770431573361e-06
0.0,-8.065070304677481e-07,1.3561245516721618e-06
0.0,-7.285625896175384e-07,1.225156158580844e-06
0.0,-6.581218607753813e-07,1.1066868517550644e-06
0.0,-5.945003464494961e-07,9.99516413413695e-07
0.0,-5.370133940650149e-07,9.02994906795095e-07
0.0,-4.850556794579291e-07,8.155984755097954e-07
0.0,-4.3815539025622186e-07,7.367442133055841e-07
0.0,-3.957895159337401e-07,6.655558422815633e-07
0.0,-3.5751678778884526e-07,6.011582338101808e-07
0.0,-3.2295676903991633e-07,5.430241999138143e-07
0.0,-2.9172332081535047e-07,4.905109221814025e-07
0.0,-2.6350501208324986e-07,4.431163089153626e-07
0.0,-2.380290892203268e-07,4.002421538209467e-07
0.0,-2.1502018448616076e-07,3.615720540218033e-07
0.0,-1.942300202127763e-07,3.2661101712862764e-07
0.0,-1.7545307890676634e-07,2.949990732590621e-07
0.0,-1.5848792880034374e-07,2.6647266761662883e-07
0.0,-1.4315331323735365e-07,2.40728195332575e-07
0.0,-1.2930942461495197e-07,2.1743151667620078e-07
0.0,-1.1681090976036927e-07,1.9642509855011288e-07
0.0,-1.0551635641276594e-07,1.7743171974228802e-07
0.0,-9.531503328640331e-08,1.602746414502154e-07
0.0,-8.610105591229388e-08,1.4477602278355624e-07
0.0,-7.777501558503374e-08,1.3077720091406665e-07
1.5707963267948966,0.23005212080251752,1.1677812866346934e-07
1.5707963267948966,0.6901564958424867,1.0277780478732377e-07
1.5707963267948966,0.8807211122565574,0.15852143670000512
1.5707963267948966,0.7785296038398432,0.2985310072465328
1.5707963267948966,0.6788819830390385,0.42096417990199264
1.5707963267948966,0.6142649356157334,0.5315292583625397
1.5707963267948966,0.5588088748747476,0.6320215918681571
1.5707963267948966,0.5048656289019798,0.7228971019996764
1.5707963267948966,0.4554469481147997,0.8048751289083168
1.5707963267948966,0.41136377641046273,0.8789282175756995
1.5707963267948966,0.37167924818351383,0.9458833748446713
1.5707963267948966,0.3357428269364583,1.0063147926513314
1.5707963267948966,0.30324655366024234,1.060853115921072
1.5707963267948966,0.2739204214911616,1.1101590974846716
1.5707963267948966,0.24745170244751552,1.1547026978025061
1.5707963267948966,0.22353201003207732,1.1949391886802838
1.5707963267948966,0.20191391771252645,1.2312812329820926
1.5707963267948966,0.1823877392028157,1.2641089987988778
1.5707963267948966,0.16475271560883986,1.293766686414687
1.5707963267948966,0.14882263618033847,1.3205576094370512
1.5707963267948966,0.13443104033695413,1.3447533851453326
1.5707963267948966,0.10968559971594834,1.3666344733164644
1.5707963267948966,0.10968559971594834,1.3863557621331077
1.5707963267948966,0.09907590064861024,1.4042053518501671
1.5707963267948966,0.08949654875214526,1.4202999666215466
1.5707963267948966,0.08084386630996288,1.4348516752016798
1.5707963267948966,0.07302846979307732,1.4479973044057657
1.5707963267948966,0.0659689036956119,1.4598666280920958
1.5707963267948966,0.05959036738090111,1.470597269840031
1.5707963267948966,0.05382863526923565,1.4802866921420568
1.5707963267948966,0.048622954993403016,1.4890458790906322
1.5707963267948966,0.04391939271078872,1.4969448030827344
1.5707963267948966,0.03967134600487146,1.504091954869034
1.5707963267948966,0.035835433332953574,1.5105457023851732
1.5707963267948966,0.03236907944579695,1.5163731451829296
1.5707963267948966,0.029236917763774867,1.5216273976191008
1.5707963267948966,0.02641027470693892,1.5263809818490894
1.5707963267948966,0.02385921460020817,1.530679860065122
1.5707963267948966,0.021552906244969573,1.5345562531511652
1.5707963267948966,0.019467684905923235,1.5380669831246496
1.5707963267948966,0.017584351430635622,1.5412285977013447
1.5707963267948966,0.01588318151260034,1.544085328481602
1.5707963267948966,0.014347823710301733,1.5466679127311997
1.5707963267948966,0.012961782520660527,1.54900295324176
1.5707963267948966,0.011708487200549369,1.5511111597830676
1.5707963267948966,0.010575442159868904,1.5530142995878513
1.5707963267948966,0.008629042114083753,1.5547320304544858
1.5707963267948966,0.008629042114083753,1.5562867693099245
1.5707963267948966,0.007795083938331276,1.5576885366004813
1.5707963267948966,0.007041295276371402,1.5589559186790094
1.5707963267948966,0.006360531284997862,1.5601009551610943
1.5707963267948966,0.005745691270662647,1.5611348420241309
1.5707963267948966,0.005190113281816042,1.5620700816539752
1.5707963267948966,0.004688142376543406,1.562913996774472
1.5707963267948966,0.004234547789505634,1.563676631711817
1.5707963267948966,0.0038248531633774305,1.5643649831597835
1.5707963267948966,0.0034549170785583287,1.564986069954258
1.5707963267948966,0.003120959473706229,1.5655478253793966
1.5707963267948966,0.002819448728151718,1.5660553946351554
1.5707963267948966,0.002546928431194483,1.5665141790598216
1.5707963267948966,0.002300544751122343,1.5669282925174008
1.5707963267948966,0.002077952809904341,1.5673020017408068
1.5707963267948966,0.00187702151374352,1.5676399019420932
1.5707963267948966,0.0016956280822013258,1.5679455451321218
1.5707963267948966,0.0015316472185652806,1.5682210852564091
1.5707963267948966,0.0013834144119068965,1.568470088927527
1.5707963267948966,0.0012496209822730998,1.5686950234383819
1.5707963267948966,0.0011288311275610002,1.5688982198725776
1.5707963267948966,0.0010196830274595667,1.5690818365971955
1.5707963267948966,0.000921062876003546,1.5692474036340396
1.5707963267948966,0.0008320067326296862,1.5693973068128024
1.5707963267948966,0.0007515920929749581,1.5695325892281227
1.5707963267948966,0.0006789087289363115,1.5696546902711461
1.5707963267948966,0.0006132492247254977,1.5697652300385347
1.5707963267948966,0.0005539581634919769,1.5698647935918773
1.5707963267948966,0.0005003859326472012,1.5699549489779199
1.5707963267948966,0.0004520067386884183,1.5700449396570793
1.5707963267948966,0.0004070333423736766,1.570135011186646
1.5707963267948966,0.00036258286513168387,1.570200336336339
1.5707963267948966,0.00032117248617665617,1.5702580901974519
1.5707963267948966,0.00028801786831810796,1.5703099331788994
1.5707963267948966,0.00026104907961993853,1.5703569212961812
1.5707963267948966,0.0002362144678508253,1.5703994404174209
1.5707963267948966,0.00021326032067793676,1.5704378263690209
1.5707963267948966,0.00019256522015543296,1.5704724867119537
1.5707963267948966,0.0001739581453332476,1.5705038015746138
1.5707963267948966,0.00015714987903075542,1.5705321142884736
1.5707963267948966,0.00014194845981265052,1.5705576413507596
1.5707963267948966,0.0001282155856827168,1.5705807193363077
1.5707963267948966,0.0001158212153464104,1.5706015770265125
1.5707963267948966,0.00010462528753347606,1.5706203997271488
1.5707963267948966,9.450667819547585e-05,1.5706374378029258
1.5707963267948966,8.536497640027516e-05,1.5706527811001803
1.5707963267948966,7.710734029884885e-05,1.5706666616656457
1.5707963267948966,6.965403607397953e-05,1.5706792082731746
1.5707963267948966,6.292101231834182e-05,1.5706905259437534
1.5707963267948966,5.6834870175623925e-05,1.5707007683207053
1.5707963267948966,5.1337913263402585e-05,1.5707100124850961
1.5707963267948966,4.637106641482054e-05,1.570718345030454
1.5707963267948966,4.188647098564408e-05,1.5707258844891498
1.5707963267948966,3.784025404130161e-05,1.570732696239931
1.5707963267948966,3.418365361837399e-05,1.5707388488589311
1.5707963267948966,3.087764702793597e-05,1.5707444068102183
1.5707963267948966,2.789150110338205e-05,1.5707494273833618
1.5707963267948966,2.519459791153737e-05,1.57075396229854
1.5707963267948966,2.275841605319195e-05,1.5707580588192875
1.5707963267948966,2.0557749136577197e-05,1.5707617597884702
1.5707963267948966,1.8569799412209977e-05,1.5707651018949345
1.5707963267948966,1.6774048980044097e-05,1.5707681214620215
1.5707963267948966,1.5152070051918769e-05,1.5707708488222756
1.5707963267948966,1.3686929251405637e-05,1.5707733122968515
1.5707963267948966,1.2363437325903327e-05,1.5707755378222235
1.5707963267948966,1.1167964308966159e-05,1.5707775479747967
1.5707963267948966,1.0088066043520486e-05,1.5707793638271204
1.5707963267948966,9.112584428651566e-06,1.570781004123991
1.5707963267948966,8.231431334924522e-06,1.5707824858120127
1.5707963267948966,7.4354633158957986e-06,1.5707838242451908
1.5707963267948966,6.716454138034853e-06,1.5707850331452484
1.5707963267948966,6.066984320038814e-06,1.5707861251597266
1.5707963267948966,5.480345624224707e-06,1.5707871127816684
1.5707963267948966,4.9502676615621175e-06,1.570788002869819
1.5707963267948966,4.471385710658769e-06,1.5707888077702903
1.5707963267948966,4.039129216522228e-06,1.5707895347279182
1.5707963267948966,3.64873714348448e-06,1.5707901915125044
1.5707963267948966,3.2959258221203476e-06,1.5707907853500263
1.5707963267948966,2.977117267252134e-06,1.5707913206716557
1.5707963267948966,2.689143279151878e-06,1.570791804672553
1.5707963267948966,2.194417055795045e-06,1.5707922420072442
1.5707963267948966,2.194417055795045e-06,1.5707926370075875
1.5707963267948966,1.9821987661568957e-06,1.5707929937566647
1.5707963267948966,1.7905014225046164e-06,1.570793316542231
1.5707963267948966,1.617308067425631e-06,1.5707936072218744
1.5707963267948966,1.4608448913234274e-06,1.5707938701906312
1.5707963267948966,1.3196423433113702e-06,1.5707941077144165
1.5707963267948966,1.1921136233462374e-06,1.5707943223355916
1.5707963267948966,1.0768312396074992e-06,1.5707945161215908
1.5707963267948966,9.726882292291154e-07,1.5707946913683122
1.5707963267948966,8.78615449328143e-07,1.5707948493948891
1.5707963267948966,7.936344284241424e-07,1.570794992363559
1.5707963267948966,7.168893717494246e-07,1.5707951212973814
1.5707963267948966,6.475718581983471e-07,1.5707952378571477
1.5707963267948966,5.849692110590301e-07,1.5707953431515058
1.5707963267948966,5.284215269181831e-07,1.5707954382632077
1.5707963267948966,4.773245904907243e-07,1.570795524181962
1.5707963267948966,4.31167204676836e-07,1.570795601796888
1.5707963267948966,3.8947439169158763e-07,1.5707956718969467
1.5707963267948966,3.5181296683954834e-07,1.5707957352265418
1.5707963267948966,3.1779412359994223e-07,1.570795792430998
1.5707963267948966,2.870641125791104e-07,1.5707958440987313
1.5707963267948966,2.5930544875138674e-07,1.5707958907831823
1.5707963267948966,2.342309319464375e-07,1.5707959329364671
1.5707963267948966,2.1158055614050635e-07,1.5707959710206132
1.5707963267948966,1.9112246694006465e-07,1.5707960054221324
1.5707963267948966,1.7264313833359325e-07,1.5707960364995714
1.5707963267948966,1.5594897562702723e-07,1.5707960645688546
1.5707963267948966,1.4086873143907294e-07,1.5707960899251416
1.5707963267948966,1.272473586088714e-07,1.5707961128293713
1.5707963267948966,1.1494331046947211e-07,1.5707961335209726
1.5707963267948966,1.0382847469291802e-07,1.5707961522265446
1.5707963267948966,9.3785612972448e-08,1.570796169107858
1.5707963267948966,8.471158379701799e-08,1.5707961843548017
1.5707963267948966,7.651812910048978e-08,1.5707961981293819
1.5707963267948966,6.911991310415655e-08,1.57079621057091
1.5707963267948966,6.243641821258604e-08,1.5707962218095881
1.5707963267948966,5.639869043492905e-08,1.570796231946058
1.5707963267948966,5.094727005950756e-08,1.570796241130442
1.5707963267948966,4.60234585559496e-08,1.5707962494067462
1.57,-0.00011658800607561296,1.5707962576913854
1.57,-0.00034984297590343657,1.57079626598353
3.141592653589793,0.22976239219618882,1.57079626598353
3.141592653589793,0.6901165994754153,1.57079626598353
3.141592653589793,0.8807709470959462,1.57079626598353
3.141592653589793,0.8017529138605546,1.714978495608963
3.141592653589793,0.7479115071475061,1.849714777405172
3.141592653589793,0.6995091043801955,1.9755470446443064
3.141592653589793,0.6297397822083599,2.088982389883984
3.141592653589793,0.5648439788294983,2.190651663620192
3.141592653589793,0.4615804881121287,2.282416181217018
3.141592653589793,0.4615804881121287,2.3655786368068763
3.141592653589793,0.41699862513849384,2.4406428809073963
3.141592653589793,0.37656443271142226,2.5083643785471454
3.141592653589793,0.3401317294270714,2.5696409448862174
3.141592653589793,0.307267796768231,2.624947381483941
3.141592653589793,0.27755456614925655,2.6749166847658086
3.141592653589793,0.2507030409969095,2.720001013778219
3.141592653589793,0.22646381049186687,2.76076387761596
3.141592653589793,0.20457880204636616,2.7976274911114767
3.141592653589793,0.18479771065335218,2.830852781828721
3.141592653589793,0.16692041837920282,2.860901078922605
3.141592653589793,0.15078406030783834,2.8880624703607882
3.141592653589793,0.13620715787698118,2.9125885326580643
3.141592653589793,0.12302828696194205,2.9347248651523867
3.141592653589793,0.11112645350000691,2.9547290860838626
3.141592653589793,0.10038285193220212,2.9728064042770472
3.141592653589793,0.0906767676127717,2.98910744616017
3.141592653589793,0.08190869523967555,3.003870769892138
3.141592653589793,0.07399024256407133,3.0171697108238114
3.141592653589793,0.06683581235647561,3.029210715208192
3.141592653589793,0.0603739225726608,3.040069810478175
3.141592653589793,0.05453692011701995,3.049893409621998
3.141592653589793,0.04926312702364873,3.058752772573163
3.141592653589793,0.044499698548138684,3.066763388624137
3.141592653589793,0.040197991519477894,3.0740051184560704
3.141592653589793,0.03631111590264297,3.0805355421490104
3.141592653589793,0.03279868198785238,3.086444556539947
3.141592653589793,0.029627010431639806,3.091772524583619
3.141592653589793,0.026762357829069387,3.096590312921227
3.141592653589793,0.024175137595910723,3.10094205141363
3.141592653589793,0.021838009540685398,3.1048759586568293
3.141592653589793,0.019725685221360353,3.1084307604944925
3.141592653589793,0.017816598997613935,3.111633987222888
3.141592653589793,0.016092654424580494,3.1145323404722336
3.141592653589793,0.014536977873676983,3.1171449326657013
3.141592653589793,0.013132164988357864,3.119508821548221
3.141592653589793,0.01186324676909282,3.121644300670957
3.141592653589793,0.010716584733408988,3.1235750501150124
3.141592653589793,0.009679908632198064,3.1253157724193446
3.141592653589793,0.008743497910265232,3.126889587406577
3.141592653589793,0.007898298049495888,3.128312550798518
3.141592653589793,0.007134700758249126,3.1295956781190326
3.141592653589793,0.006444557985137302,3.1307556421387632
3.141592653589793,0.0058214991059106535,3.131803700851126
3.141592653589793,0.0052587769702557635,3.132750163575981
3.141592653589793,0.004750235792332861,3.1336059278796324
3.141592653589793,0.004290769166273041,3.134377477474654
3.141592653589793,0.003875782249657117,3.1350749462936927
3.141592653589793,0.0035011721988382843,3.1357054729716247
3.141592653589793,0.0031627642836717213,3.1362751894090666
3.141592653589793,0.0028567895278449515,3.136788981320715
3.141592653589793,0.002580407367931502,3.1372534043723497
3.141592653589793,0.002330975484723469,3.1376736387876765
3.141592653589793,0.0021055870051063107,3.1380520635106137
3.141592653589793,0.001901869600579999,3.1383949906376962
3.141592653589793,0.0017179422880181222,3.138703678066438
3.141592653589793,0.0015518307461699482,3.138983041299064
3.141592653589793,0.0014018450392470619,3.1392356017767784
3.141592653589793,0.0012663307386228974,3.1394635807637843
3.141592653589793,0.0011437941354379034,3.1396692180805457
3.141592653589793,0.0010331712578520473,3.139855186069044
3.141592653589793,0.0009333457291329246,3.1400232101699785
3.141592653589793,0.0008431366807787982,3.140174954003533
3.141592653589793,0.0007615953063993121,3.140312045603736
3.141592653589793,0.0006879458682658023,3.1404358781038284
3.141592653589793,0.0006214266762212594,3.140547728398279
3.141592653589793,0.0005613373743253136,3.1406487902285183
3.141592653589793,0.0005070558239216311,3.1407399879448548
3.141592653589793,0.0004580301927787182,3.1408313170946243
3.141592653589793,0.0004124577798307328,3.1409225701918007
3.141592653589793,0.0003674005048816435,3.140988709078082
3.141592653589793,0.0003254316468809502,3.1410472856712097
3.141592653589793,0.00029184928943709983,3.141099872412617
3.141592653589793,0.0002645072694653641,3.141147479929832
3.141592653589793,0.00023931701313366322,3.141190558029492
3.141592653589793,0.00021605470673495366,3.141229428414669
3.141592653589793,0.00019509525721952682,3.141264537740907
3.141592653589793,0.00017625155874956183,3.1412963207415054
3.141592653589793,0.00015921764495059642,3.141324961783216
3.141592653589793,0.000143805876564724,3.1413508349362007
3.141592653589793,0.00012989631446277714,3.1413742176441195
3.141592653589793,0.00011734396193636503,3.1413953208288903
3.141592653589793,0.00010600246416111471,3.1414144180178183
3.141592653589793,9.575423492452988e-05,3.141431651729566
3.141592653589793,8.64925127537497e-05,3.1414472214248836
3.141592653589793,7.812646367994035e-05,3.141461301425216
3.141592653589793,7.05695854826677e-05,3.141473975879292
3.141592653589793,6.374487245635868e-05,3.1414854537068657
3.141592653589793,5.758639635634155e-05,3.1414958173948464
3.141592653589793,5.202177515872529e-05,3.1415051809817216
3.141592653589793,4.699086472798941e-05,3.1415136401056873
3.141592653589793,4.2446598522186646e-05,3.1415212873262965
3.141592653589793,3.834102904487855e-05,3.141528182444135
3.141592653589793,3.4632358419599674e-05,3.1415344213902983
3.141592653589793,3.1283694825285305e-05,3.141540051986806
3.141592653589793,2.8258351430462055e-05,3.141545138903596
3.141592653589793,2.5525132005131642e-05,3.141549729057735
3.141592653589793,2.3057516046135687e-05,3.1415538840870956
3.141592653589793,2.082861720868402e-05,3.1415576335206543
3.141592653589793,1.8813737226997607e-05,3.1415610161630685
3.141592653589793,1.6994131272876474e-05,3.141564074939679
3.141592653589793,1.535206102401627e-05,3.141566838225676
3.141592653589793,1.3868331754217937e-05,3.141569336823323
3.141592653589793,1.2526878924718122e-05,3.1415715929415446
3.141592653589793,1.1314566562636526e-05,3.1415736265389183
3.141592653589793,1.022021261600597e-05,3.141575468015374
3.141592653589793,9.232520856164316e-06,3.141577129802172
3.141592653589793,8.339762470453275e-06,3.1415786297429014
3.141592653589793,7.533169611852887e-06,3.1415799867595897
3.141592653589793,6.804937022947816e-06,3.1415812105446475
3.141592653589793,6.14699438475797e-06,3.141582317032919
3.141592653589793,5.55273743084746e-06,3.141583316512788
3.141592653589793,5.0159575980684255e-06,3.1415842201355604
3.141592653589793,4.530807974161677e-06,3.141585035927156
3.141592653589793,4.092405653568447e-06,3.1415857717050457
3.141592653589793,3.6966252648907895e-06,3.14158643709934
3.141592653589793,3.339429285151801e-06,3.1415870382447655
3.141592653589793,3.0166616682368615e-06,3.141587581240757
3.141592653589793,2.724914824552212e-06,3.141588071703908
3.141592653589793,2.4613944799641342e-06,3.141588515016988
3.141592653589793,2.223358734077532e-06,3.14158891497405
3.141592653589793,2.008332294583924e-06,3.1415892764778284
3.141592653589793,1.8141681048218522e-06,3.1415896030211576
3.141592653589793,1.638787764926398e-06,3.1415898979995083
3.141592653589793,1.4803213974349142e-06,3.141590164486012
3.141592653589793,1.3371695556499626e-06,3.141590405401539
3.141592653589793,1.2078279765522589e-06,3.1415906227878185
3.141592653589793,1.0909665414659646e-06,3.141590819159268
3.141592653589793,9.854493761185284e-07,3.14159099656219
3.141592653589793,8.901695725889097e-07,3.1415911566353585
3.141592653589793,8.041144547952811e-07,3.1415913015095445
3.141592653589793,7.263822469202457e-07,3.1415914322560425
3.141592653589793,6.561257383556925e-07,3.141591550427268
3.141592653589793,5.926464970337177e-07,3.141591656939743
3.141592653589793,5.353440957715122e-07,3.1415917533060687
3.141592653589793,4.836210684465999e-07,3.141591840358089
3.141592653589793,4.3688135953686e-07,3.1415919190635924
3.141592653589793,3.946205977432241e-07,3.1415919900342653
3.141592653589793,3.5644620389339787e-07,3.1415920542895917
3.141592653589793,3.2197453388652887e-07,3.1415921122097865
3.141592653589793,2.908290841281007e-07,3.1415921645776934
3.141592653589793,2.6270037502298734e-07,3.1415922118061625
3.141592653589793,2.3730757908263948e-07,3.1415922545197548
3.141592653589793,2.143767662064876e-07,3.141592293145992
3.141592653589793,1.9365012091494043e-07,3.141592327970611
3.141592653589793,1.749161178523035e-07,3.1415923594545814
3.141592653589793,1.5800518975207527e-07,3.1415923878947427
3.141592653589793,1.427332990702587e-07,3.141592413586712
3.141592653589793,1.2893179717757626e-07,3.141592436794358
3.141592653589793,1.1646356484501481e-07,3.141592457759554
3.141592653589793,1.0520154125413841e-07,3.1415924767208705
3.141592653589793,9.50248297934523e-08,3.1415924938175346
3.141592653589793,8.582954548305492e-08,3.1415925092518284
3.141592653589793,7.75310931255759e-08,3.141592523227991
3.141592653589793,7.003775085723734e-08,3.141592535816364
3.141592653589793,6.32642878241618e-08,3.14159254720364
3.141592653589793,5.714858961920797e-08,3.141592557491063
3.141592653589793,5.162547168255434e-08,3.14159256678406
3.141592653589793,4.663315759637351e-08,3.14159257517761
-1.5707963267948966,-0.6901565191851887,3.1415925835715606
-1.5707963267948966,-1.0,3.141592591965431
-1.5707963267948966,-1.0,2.961593193165431
-1.5707963267948966,-1.0,2.781588643665431
-1.5707963267948966,-1.0,2.601595038165431
-1.5707963267948966,-1.0,2.4215952100654308
-1.5707963267948966,-1.0,2.2415906605654308
-1.5707963267948966,-1.0,2.0615873989654308
-1.5707963267948966,-1.0,1.8815817775654309
-1.5707963267948966,-1.0,1.7016978208654308
-1.5707963267948966,-1.0,1.5215960677654308
-1.5707963267948966,-1.0,1.341602248065431
-1.5707963267948966,-1.0,1.161593193165431
-1.5707963267948966,-1.0,0.981596797665431
-1.5707963267948966,-1.0,0.8015924632654309
-1.5707963267948966,-1.0,0.6216170962654308
-1.5707963267948966,-1.0,0.4416080413654309
-1.5707963267948966,-1.0,0.26159877226543093
-1.5707963267948966,-0.9798329157822313,0.08532509954741183
-1.5707963267948966,-0.8903736467633521,-0.0750081092500162
-1.5707963267948966,-0.8043441698876758,-0.21980804391978911
-1.5707963267948966,-0.7257129804189411,-0.3503763031169702
-1.5707963267948966,-0.6554618394646553,-0.46841304870495987
-1.5707963267948966,-0.5922196829627854,-0.5750224019941973
-1.5707963267948966,-0.5349676667846988,-0.6713987955789908
-1.5707963267948966,-0.48319378888032466,-0.7583027800023882
-1.5707963267948966,-0.43644997489064924,-0.8369616605190487
-1.5707963267948966,-0.3942466564893131,-0.9078354729876855
-1.5707963267948966,-0.35612249012588965,-0.9719350148202601
-1.5707963267948966,-0.3216989754627171,-1.029798253125938
-1.5707963267948966,-0.29061306282921795,-1.0821472795703344
-1.5707963267948966,-0.262518351976393,-1.1293987915533548
-1.5707963267948966,-0.23712583387870262,-1.1720662890973232
-1.5707963267948966,-0.21419195179977837,-1.2106406127373845
-1.5707963267948966,-0.1934829887797834,-1.2454660643040323
-1.5707963267948966,-0.17477134750939097,-1.2769249144058448
-1.5707963267948966,-0.15786842246314975,-1.3053664739414872
-1.5707963267948966,-0.1425997247863754,-1.33103109526986
-1.5707963267948966,-0.1288041239739449,-1.3541980716967523
-1.5707963267948966,-0.11634910567545324,-1.3751635097170656
-1.5707963267948966,-0.1051019515966158,-1.3940608466890294
-1.5707963267948966,-0.09493822752021708,-1.4111504040205771
-1.5707963267948966,-0.0857601366128663,-1.4265886308148548
-1.5707963267948966,-0.07747033084078113,-1.4405319970687451
-1.5707963267948966,-0.06997872940103621,-1.453126759857058
-1.5707963267948966,-0.06321187677574512,-1.4645065958637618
-1.5707963267948966,-0.05709990094829361,-1.4747835635462245
-1.5707963267948966,-0.05157842303274852,-1.4840672834924626
-1.5707963267948966,-0.04659098078786068,-1.4924609900628298
-1.5707963267948966,-0.04208498459156786,-1.5000296336784993
-1.5707963267948966,-0.03801432050374808,-1.506878608084502
-1.5707963267948966,-0.03433843581340631,-1.5130539870681854
-1.5707963267948966,-0.031018114621192854,-1.5186368829734993
-1.5707963267948966,-0.028019507207367015,-1.5236806600134354
-1.5707963267948966,-0.025311022819995435,-1.5282365691750963
-1.5707963267948966,-0.022863455266122688,-1.5323517222830594
-1.5707963267948966,-0.02065249967601995,-1.536069478877189
-1.5707963267948966,-0.018655513325906044,-1.5394272158837399
-1.5707963267948966,-0.016851593678692704,-1.5424607457425152
-1.5707963267948966,-0.015222083944704225,-1.5452005843196024
-1.5707963267948966,-0.013750138796102176,-1.547675748560181
-1.5707963267948966,-0.01242052751237431,-1.5499136374781146
-1.5707963267948966,-0.01121916016292843,-1.5519299523853867
-1.5707963267948966,-0.010134076308331366,-1.5537551499100775
-1.5707963267948966,-0.009154622043009477,-1.5554031629910308
-1.5707963267948966,-0.008269589125607723,-1.5568915563017731
-1.5707963267948966,-0.007469692142833484,-1.558236049915798
-1.5707963267948966,-0.006747367195957689,-1.55945078334282
-1.5707963267948966,-0.006094960239015312,-1.5605484767454358
-1.5707963267948966,-0.0055054627239382245,-1.561538834160428
-1.5707963267948966,-0.004972970530952069,-1.5624339167815389
-1.5707963267948966,-0.004492214853441719,-1.5632432414837782
-1.5707963267948966,-0.004057861234626025,-1.5639729627139978
-1.5707963267948966,-0.0036653586567456666,-1.5646335949384789
-1.5707963267948966,-0.0033108863448084182,-1.565229445214342
-1.5707963267948966,-0.002990613507408138,-1.5657671756646339
-1.5707963267948966,-0.0027014187685521327,-1.5662533986972653
-1.5707963267948966,-0.002440409037496898,-1.5666926865674624
-1.5707963267948966,-0.002204537896340982,-1.5670895195670256
-1.5707963267948966,-0.0019913380768049422,-1.5674483027695019
-1.5707963267948966,-0.0017987053740567025,-1.5677717807294866
-1.5707963267948966,-0.0016247148679049337,-1.5680644749075998
-1.5707963267948966,-0.0014676164828817829,-1.5683286380643038
-1.5707963267948966,-0.0013256843505289394,-1.5685670727076426
-1.5707963267948966,-0.001197486367574515,-1.5687827896364566
-1.5707963267948966,-0.0010817270071354326,-1.5689775488240034
-1.5707963267948966,-0.0009771019848022456,-1.5691532448156373
-1.5707963267948966,-0.0008825997403518982,-1.5693122468915814
-1.5707963267948966,-0.0007972844620003606,-1.569455619555484
-1.5707963267948966,-0.0007202024208566953,-1.569585377644014
-1.5707963267948966,-0.0006505603608023077,-1.5697023752365344
-1.5707963267948966,-0.0005876508292758548,-1.5698081471149288
-1.5707963267948966,-0.0004795273637408658,-1.5699036981016603
-1.5707963267948966,-0.0004795273637408658,-1.5699992559226905
-1.5707963267948966,-0.0004318048495553495,-1.5700947981387776
-1.5707963267948966,-0.0003846357679354105,-1.5701640412593507
-1.5707963267948966,-0.00034070568780183053,-1.5702253675668554
-1.5707963267948966,-0.00030554567006905423,-1.5702803664562461
-1.5707963267948966,-0.00027692695726052664,-1.5703302106462325
-1.5707963267948966,-0.0002505706691103092,-1.5703753164958996
-1.5707963267948966,-0.00022622210619013976,-1.5704160361936383
-1.5707963267948966,-0.00020427043405375176,-1.5704528070720059
-1.5707963267948966,-0.00018453118276937408,-1.5704860468861321
-1.5707963267948966,-0.00016669669113840834,-1.570516024862597
-1.5707963267948966,-0.00015057277775534672,-1.5705431519427382
-1.5707963267948966,-0.00013601202453249897,-1.570567612486832
-1.5707963267948966,-0.00012286096209017635,-1.5705897278607317
-1.5707963267948966,-0.0001109836423111192,-1.5706097328316857
-1.5707963267948966,-0.00010025089221374939,-1.5706277708547915
-1.5707963267948966,-9.054920502386495e-05,-1.5706440531420338
-1.5707963267948966,-8.179341690232928e-05,-1.570658777013585
-1.5707963267948966,-7.389123591888823e-05,-1.5706720946105535
-1.5707963267948966,-6.67462676068534e-05,-1.5706841077098972
-1.5707963267948966,-6.028598513477827e-05,-1.570694956059337
-1.5707963267948966,-5.4454373794096164e-05,-1.5707047613660012
-1.5707963267948966,-4.919021828291045e-05,-1.570713604176284
-1.5707963267948966,-4.4435220544244194e-05,-1.5707216105938253
-1.5707963267948966,-3.625889895325158e-05,-1.570728827975121
-1.5707963267948966,-3.625889895325158e-05,-1.570735363160198
-1.5707963267948966,-3.2752400903677695e-05,-1.5707412509614604
-1.5707963267948966,-2.9585016554735053e-05,-1.5707465769132218
-1.5707963267948966,-2.6725156617822155e-05,-1.5707513914223659
-1.5707963267948966,-2.414137813621892e-05,-1.570755732779126
-1.5707963267948966,-2.180620371274734e-05,-1.5707596616774477
-1.5707963267948966,-1.9697543401448704e-05,-1.570763203728012
-1.5707963267948966,-1.7792976977379068e-05,-1.5707664071900405
-1.5707963267948966,-1.607283761096754e-05,-1.570769299787616
-1.5707963267948966,-1.4519026780898631e-05,-1.5707719131943645
-1.5707963267948966,-1.3115092892410836e-05,-1.5707742737287318
-1.5707963267948966,-1.1846950076496957e-05,-1.5707764062514278
-1.5707963267948966,-1.0701433430062235e-05,-1.5707783326522773
-1.5707963267948966,-9.66661837023021e-06,-1.5707800742245577
-1.5707963267948966,-8.731593302016267e-06,-1.5707816468504034
-1.5707963267948966,-7.88663606623266e-06,-1.570783065534779
-1.5707963267948966,-7.123651448846496e-06,-1.570784346734575
-1.5707963267948966,-6.435176857088054e-06,-1.5707855059352336
-1.5707963267948966,-5.81331589420083e-06,-1.5707865523685196
-1.5707963267948966,-5.25105136905996e-06,-1.5707874975422176
-1.5707963267948966,-4.743081263598603e-06,-1.5707883514334287
-1.5707963267948966,-4.284426039582842e-06,-1.5707891226698285
-1.5707963267948966,-3.870124405667589e-06,-1.5707898185317086
-1.5707963267948966,-3.4959764899744223e-06,-1.5707904478151287
-1.5707963267948966,-2.852861425733249e-06,-1.5707910163953591
-1.5707963267948966,-2.852861425733249e-06,-1.5707915298015738
-1.5707963267948966,-2.5769509145769274e-06,-1.5707919937573576
-1.5707963267948966,-2.3277489940023203e-06,-1.5707924127093218
-1.5707963267948966,-2.102660735743332e-06,-1.5707927911441273
-1.5707963267948966,-1.899346461163076e-06,-1.5707931330363538
-1.5707963267948966,-1.7157040529810558e-06,-1.5707934418517449
-1.5707963267948966,-1.5498062322750357e-06,-1.5707937208322305
-1.5707963267948966,-1.399941763643524e-06,-1.5707939728133973
-1.5707963267948966,-1.2645689922325403e-06,-1.570794200432613
-1.5707963267948966,-1.1422900119006763e-06,-1.5707944060610421
-1.5707963267948966,-1.0318343675983274e-06,-1.5707945917819734
-1.5707963267948966,-9.320560957184966e-07,-1.5707947595511103
-1.5707963267948966,-8.419293509240008e-07,-1.570794911084158
-1.5707963267948966,-7.605216007873497e-07,-1.5707950479909707
-1.5707963267948966,-6.869841813362411e-07,-1.5707951716230928
-1.5707963267948966,-6.205563968969428e-07,-1.5707952833600227
-1.5707963267948966,-5.605502265248811e-07,-1.5707953843395552
-1.5707963267948966,-5.063275916233341e-07,-1.5707954754738715
-1.5707963267948966,-4.5733768541397143e-07,-1.5707955577384438
-1.5707963267948966,-4.1311334310207285e-07,-1.5707956321508976
-1.5707963267948966,-3.7318075017246007e-07,-1.5707956992717198
-1.5707963267948966,-3.3709706932621333e-07,-1.5707957600015037
-1.5707963267948966,-3.0449852170224404e-07,-1.5707958148137335
-1.5707963267948966,-2.750458934238884e-07,-1.5707958642799849
-1.5707963267948966,-2.2442858473047955e-07,-1.5707959090537194
-1.5707963267948966,-2.2442858473047955e-07,-1.5707959494551602
-1.5707963267948966,-2.027177405884167e-07,-1.5707959858909892
-1.5707963267948966,-1.831128084239676e-07,-1.5707960188558605
-1.5707963267948966,-1.6542199693549844e-07,-1.5707960486678554
-1.5707963267948966,-1.4942894099659507e-07,-1.5707960755282615
-1.5707963267948966,-1.349714664682342e-07,-1.5707960998474302
-1.5707963267948966,-1.2192106895296403e-07,-1.5707961218030124
-1.5707963267948966,-1.1012989063234995e-07,-1.5707961416174174
-1.5707963267948966,-9.947528133549607e-08,-1.5707961595050852
-1.5707963267948966,-8.986005007420082e-08,-1.5707961756850657
-1.5707963267948966,-8.11777830913163e-08,-1.5707961902926282
-1.5707963267948966,-7.332978365089113e-08,-1.570796203513675
-1.5707963267948966,-6.623538771175751e-08,-1.570796215417728
-1.5707963267948966,-5.982709042834252e-08,-1.570796226185323
-1.5707963267948966,-5.4044706768384414e-08,-1.5707962359133958
-1.5707963267948966,-4.88225639292226e-08,-1.5707962447049375
1.57,0.45998770457872945,-1.5707962534901931
1.57,1.0,-1.5707962622777014
1.57,1.0,-1.3907934299777016
1.57,1.0,-1.2107970353777016
1.57,1.0,-1.0308291788777013
1.57,1.0,-0.8506248590777014
1.57,1.0,-0.6706434836777012
1.57,1.0,-0.4907831303777014
1.57,1.0,-0.31079896677770136
1.57,1.0,-0.13057640757770128
1.57,0.9141168849170862,0.03391583048053274
1.57,0.8262339248758643,0.1825133368337708
1.57,0.7452967809988345,0.31665847343984027
1.57,0.673118462574337,0.4378477013675817
1.57,0.6082065301095979,0.5473928971459412
1.57,0.5494080826804237,0.6462004338892829
1.57,0.496243119092385,0.7356070596395405
1.57,0.44825613686796956,0.8163496441455899
1.57,0.40489731504243875,0.8891109344100453
1.57,0.36573323451229856,0.9549503875647604
1.57,0.33039520302282094,1.0144221054392277
1.57,0.29846614443069613,1.068143910832029
1.57,0.2696013932018174,1.1167235442908428
1.57,0.24352141290760046,1.1605513997320773
1.57,0.21995969068858795,1.2001638351114852
1.57,0.19868229718890015,1.2358750290969323
1.57,0.17947468416241877,1.2681833298241416
1.57,0.16213343945007588,1.297408408067548
1.57,0.14645658660645608,1.3237547611871003
1.57,0.1322824695105702,1.347548495345191
1.57,0.11949127924872496,1.3690531873372394
1.57,0.10794669105431902,1.3884863759096615
1.57,0.09751244504850079,1.4060393943724796
1.57,0.0795634263016143,1.4218911749611143
1.57,0.0795634263016143,1.4362261506399123
1.57,0.0718688449531789,1.4491494067955448
1.57,0.06491780628852148,1.460835339097794
1.57,0.05864226865642629,1.4713907738161929
1.57,0.052973853576820086,1.480926558479967
1.57,0.04785117397840101,1.489532984868063
1.57,0.04322462916868446,1.497318409927693
1.57,0.039046204738360936,1.5043471809152917
1.57,0.035270027676561407,1.5106957041587836
1.57,0.03185843177058891,1.5164380027005113
1.57,0.028776645522803162,1.5216104150692418
1.57,0.025992939855861458,1.526289485579984
1.57,0.02348058773115057,1.5305160326856853
1.57,0.021211314524609785,1.534332463548456
1.57,0.019160330503702576,1.5377825531610811
1.57,0.017307678153702256,1.540898010247148
1.57,0.015633935637360073,1.5437120757185783
1.57,0.01412196131076538,1.5462541657276554
1.57,0.012756400120248158,1.5485505974895006
1.57,0.011522855401346448,1.5506244449173565
1.57,0.01040856670109201,1.5524978623049068
1.57,0.009402147604057078,1.5541902331344417
1.57,0.008493081014163524,1.5557191247621958
1.57,0.0076718262554275555,1.557100048875871
1.57,0.006259808875266927,1.5583474221143787
1.57,0.006259808875266927,1.5594741906640526
1.57,0.005654516053720513,1.5604919394925787
1.57,0.0051077564532988964,1.5614113873839977
1.57,0.004613862060901025,1.562242699525517
1.57,0.0041675887010314844,1.5629921949708572
1.57,0.0037644364760889685,1.5636697823900565
1.57,0.0034005146726865166,1.5642823319521757
1.57,0.0030717616793904685,1.564834776589567
1.57,0.0027746593321084988,1.5653342177715341
1.57,0.002506413650982852,1.5657854083684386
1.57,0.0022641298713672042,1.5661929290084398
1.57,0.002045184488019514,1.5665610658147853
1.57,0.0018474088445598262,1.5668939459500388
1.57,0.001668722494433545,1.5671940629162444
1.57,0.0015072958703967166,1.5674653167254682
1.57,0.0013615800715477873,1.5677103655533153
1.57,0.0012299922846220252,1.567932091223432
1.57,0.0011110265232301365,1.5681318500418164
1.57,0.0010035224077954634,1.5683124671073618
1.57,0.000906505345686557,1.568475763959246
1.57,0.0008188815937723999,1.5686230467111617
1.57,0.0007396798473696856,1.5687561868928306
1.57,0.000668164396265242,1.5688764721408537
1.57,0.000603573898829294,1.5689852026305222
1.57,0.0004924554230195087,1.569083248360297
1.57,0.0004924554230195087,1.5691813789049769
1.57,0.0004434615694526343,1.5692795082793998
1.57,0.0003950392200601699,1.5692795082793998
1.57,0.0003603338162603343,1.5692795082793998
1.57,0.0003542737136043713,1.5692795082793998
1.57,0.00036023076299707883,1.5692795082793998
1.57,0.0003612709563645054,1.5692795082793998
1.57,0.00036024845169428676,1.5692795082793998
1.57,0.0003600699064941368,1.5692795082793998
1.57,0.000360245415497285,1.5692795082793998
1.57,0.00036027606209578764,1.5692795082793998
1.57,0.00036024593664885004,1.5692795082793998
