0,0,0
0,0,0.0
0,0,0.0
0.0,0.1904242804551078,0.0
0.0,-0.07894261136657477,0.0
0.0,-0.032685597055270424,0.0
0.0,0.013550196327127366,0.002439317949907643
0.0,0.005253105125786366,0.0033849086575123725
0.0,-0.00353608298956077,0.002748365765862796
0.0,-0.002652920362949152,0.002270814939704643
0.0,-0.001026386330576653,0.0020860768084849097
0.0,-0.0009178163134710875,0.0019208684537585646
0.0,-0.0010487569172520782,0.0017321070162618565
0.0,-0.0009642999433034245,0.0015585273983306207
0.0,-0.000836916634093946,0.0014078999671403522
0.0,-0.0007508644180597301,0.001272720494626366
0.0,-0.0006833892109079652,0.0011497274175863838
0.0,-0.0006184908137102321,0.0010383890910889227
0.0,-0.0005579426282518924,0.0009379669361689095
0.0,-0.000503749458445335,0.0008472889856119008
0.0,-0.00045514106454707455,0.0007566081162297801
0.0,-0.00040989435534923236,0.0006659324352655817
0.0,-0.00036511604066899114,0.0006659324352655817
0.0,-0.0003330417746861783,0.0006059736819566634
0.0,-0.00031866651846651305,0.0005485665137070396
0.0,-0.0002982017212878951,0.0004948921107261253
0.0,-0.00026721172531548253,0.0004468379664117077
0.0,-0.00023955715937633057,0.00040372039193053977
0.0,-0.0002166251161995219,0.0003647259558969611
0.0,-0.00019599351426196384,0.0003294444654225619
0.0,-0.00017702579568851557,0.00029758232166124355
0.0,-0.00015985542028241172,0.00026882861123372063
0.0,-0.00014440004209605002,0.00024281875013630686
0.0,-0.0001304492884730529,0.00021933843235973476
0.0,-0.00011783358150695646,0.000198126865655677
0.0,-0.00010643466819288745,0.0001789691461019279
0.0,-9.614240659737312e-05,0.00016166363249632608
0.0,-8.684642050875732e-05,0.00014603093766079301
0.0,-7.844880612525657e-05,0.00013191025020347586
0.0,-7.086288125148278e-05,0.00011915553675430109
0.0,-6.401068746971957e-05,0.00010763403603718186
0.0,-5.782133317553049e-05,9.722630529586685e-05
0.0,-5.223043181166087e-05,8.782493737902774e-05
0.0,-4.717999143617773e-05,7.933817579245459e-05
0.0,-4.261867161146901e-05,7.16611431967865e-05
0.0,-3.849845960713579e-05,6.473058446575199e-05
0.0,-3.4774745682943455e-05,5.8466136794513114e-05
0.0,-3.1410113395319345e-05,5.2807839744892266e-05
0.0,-2.8370635011608195e-05,4.770941563173367e-05
0.0,-2.56266225859281e-05,4.309300420816431e-05
0.0,-2.315015978074387e-05,3.892927287999405e-05
0.0,-2.0912462691468756e-05,3.5165279974171755e-05
0.0,-1.889057449901763e-05,3.1765190596446705e-05
0.0,-1.7064384468421632e-05,2.869338095953156e-05
0.0,-1.5414365672780913e-05,2.5918146190553296e-05
0.0,-1.3923643835540857e-05,2.341306386700791e-05
0.0,-1.2577196930162105e-05,2.114891688947504e-05
0.0,-1.1361259554597287e-05,1.910365808979023e-05
0.0,-1.026275350521357e-05,1.7253889003893784e-05
0.0,-9.269877837574879e-06,1.558609629268529e-05
0.0,-8.372815653508023e-06,1.4080313219720508e-05
0.0,-7.563283243020961e-06,1.2719149118591132e-05
0.0,-6.832591081547458e-06,1.1489168069617947e-05
0.0,-6.17217509749563e-06,1.0378107420621554e-05
0.0,-5.575248378862765e-06,9.374499067620861e-06
0.0,-5.036041705362778e-06,8.468126970112509e-06
0.0,-4.549068750138933e-06,7.649294398567731e-06
0.0,-4.109227669556011e-06,6.909538016574383e-06
0.0,-3.71188418404504e-06,6.241338964771196e-06
0.0,-3.352913674248396e-06,5.636941659171857e-06
0.0,-3.028533881310464e-06,5.092204439345027e-06
0.0,-2.735473329853664e-06,4.600150760464178e-06
0.0,-2.471010484685153e-06,4.155440347446222e-06
0.0,-2.2322746873361327e-06,3.7536873298259e-06
0.0,-2.016504759392432e-06,3.390704270055061e-06
0.0,-1.821513377796593e-06,3.062830221050272e-06
0.0,-1.6453694365814827e-06,2.766626227786884e-06
0.0,-1.4862591185068664e-06,2.4990937824651643e-06
0.0,-1.342531265292283e-06,2.257438096715203e-06
0.0,-1.2127059464766212e-06,2.0389807919032804e-06
0.0,-1.0954165384997505e-06,1.8416555696126544e-06
0.0,-9.894206035242851e-07,1.66382499027877e-06
0.0,-8.937153981086192e-07,1.5029822608603185e-06
0.0,-8.073648013620462e-07,1.3576252048184169e-06
0.0,-7.293468468416114e-07,1.2261718426599006e-06
0.0,-6.587833869303948e-07,1.1077611426159159e-06
0.0,-5.950403527029535e-07,1.00065257670506e-06
0.0,-5.375296682944302e-07,9.038167054910065e-07
0.0,-4.855734780534829e-07,8.164799334251936e-07
0.0,-4.3860298035606256e-07,7.375436130628921e-07
0.0,-3.961962608561225e-07,6.662280989060568e-07
0.0,-3.579016645400893e-07,6.018012530071567e-07
0.0,-3.232951151374908e-07,5.436133210720178e-07
0.0,-2.920303419963977e-07,4.910447139954463e-07
0.0,-2.637918474231839e-07,4.4356075508399583e-07
0.0,-2.382841158944242e-07,4.006705754134662e-07
0.0,-2.152420554184143e-07,3.6192593398472395e-07
0.0,-1.944286549600743e-07,3.269263896357138e-07
0.0,-1.756275840756073e-07,2.9531597962001144e-07
0.0,-1.5864445068291679e-07,2.667342364043141e-07
0.0,-1.4330068200694774e-07,2.409640917306118e-07
0.0,-1.2944013590493163e-07,2.1766622258361112e-07
0.0,-1.169273935467203e-07,1.9661778141744443e-07
0.0,-1.0562543629682173e-07,1.7760560623587012e-07
0.0,-9.541131904182982e-08,1.6043093010588883e-07
0.0,-8.618437502272972e-08,1.4491870054112583e-07
0.0,-7.785062991677637e-08,1.3090261035042974e-07
0.0,-7.032262068130215e-08,1.1823508950383512e-07
0.0,-6.352051442345615e-08,1.0681041723354447e-07
0.0,-5.737625880977715e-08,9.648315606678318e-08
0.0,-5.182967737747755e-08,8.715395645794832e-08
0.0,-4.681981700351499e-08,7.872697009882393e-08
1.5707963267948966,0.23005214679743055,7.029923023092867e-08
1.5707963267948966,0.6901565207193087,6.187161091938018e-08
1.5707963267948966,0.8807211350228409,6.187161091938018e-08
1.5707963267948966,0.8017459884274303,0.1443131693997545
1.5707963267948966,0.7479008175041345,0.2789253989369181
1.5707963267948966,0.6994708859306679,0.4048677107579971
1.5707963267948966,0.6297032617213172,0.5181801397403428
1.5707963267948966,0.5648161201926756,0.6197648945185036
1.5707963267948966,0.5102782952087019,0.7117370954661394
1.5707963267948966,0.4615954584168543,0.7947833907786576
1.5707963267948966,0.4169766650506075,0.8698400138498897
1.5707963267948966,0.3401306232039829,0.9376133420250429
1.5707963267948966,0.3401306232039829,0.9989280989692498
1.5707963267948966,0.30724654058605744,1.0541549583412462
1.5707963267948966,0.27752309878144843,1.1041568870332215
1.5707963267948966,0.25068796996598763,1.149237161107755
1.5707963267948966,0.22645318422558358,1.1899995213743375
1.5707963267948966,0.20456184472120387,1.2268176335390093
1.5707963267948966,0.18478739570471048,1.2600807208466391
1.5707963267948966,0.16691905621958703,1.2901296682344419
1.5707963267948966,0.15077705564542127,1.3172890212848056
1.5707963267948966,0.1361931890289839,1.341783198364608
1.5707963267948966,0.12302045823000754,1.363957111069178
1.5707963267948966,0.1111239543869973,1.3839307902495916
1.5707963267948966,0.10037743400431487,1.402016545164149
1.5707963267948966,0.09067264146243631,1.4183242385695884
1.5707963267948966,0.08190609774151304,1.4330655997210264
1.5707963267948966,0.07398745596972153,1.4463841864067786
1.5707963267948966,0.06683534508027433,1.4584134614577071
1.5707963267948966,0.06037266766121587,1.469294431558263
1.5707963267948966,0.05453262183143658,1.479107649570628
1.5707963267948966,0.049255794747478064,1.487964499602451
1.5707963267948966,0.0444930937450458,1.495973869386723
1.5707963267948966,0.040194346451858376,1.5032070595344023
1.5707963267948966,0.03630932973053503,1.5097443687862937
1.5707963267948966,0.03279806325368878,1.515648021588834
1.5707963267948966,0.02676039022094091,1.520985620653717
1.5707963267948966,0.02676039022094091,1.5258026815452104
1.5707963267948966,0.024171292220389162,1.5301496563486312
1.5707963267948966,0.02183384442704667,1.5340793370024206
1.5707963267948966,0.019723963305857756,1.5376296554744233
1.5707963267948966,0.017817524265259493,1.5408368756048705
1.5707963267948966,0.016094507707818284,1.5437340430832511
1.5707963267948966,0.014538037342309126,1.5463510214453409
1.5707963267948966,0.013132185256196487,1.5487144715804815
1.5707963267948966,0.011862356452839133,1.5508498642432071
1.5707963267948966,0.01071537158901772,1.5527785419237619
1.5707963267948966,0.009679244790011886,1.5545214876380669
1.5707963267948966,0.008743183355076123,1.5560947019446953
1.5707963267948966,0.007897629341110338,1.5575162772589453
1.5707963267948966,0.0071340257031391645,1.5588005323076277
1.5707963267948966,0.0064442731138827395,1.5599609387069022
1.5707963267948966,0.005821023502402493,1.561009015468214
1.5707963267948966,0.005257937009441944,1.5619546827990372
1.5707963267948966,0.004749474984241845,1.562810403799104
1.5707963267948966,0.004290307577493863,1.5635819311540597
1.5707963267948966,0.003875439505968068,1.5642805690297814
1.5707963267948966,0.0035006197366371653,1.5649097650806991
1.5707963267948966,0.003162047127163148,1.5654790008706074
1.5707963267948966,0.002856397303230872,1.5659930293127409
1.5707963267948966,0.00258034443642299,1.5664575257488316
1.5707963267948966,0.002330847143421048,1.5668770638314105
1.5707963267948966,0.002105447987446401,1.567256058563441
1.5707963267948966,0.001901851545460357,1.567598347850086
1.5707963267948966,0.0017179545005742188,1.567907612542354
1.5707963267948966,0.001551841002100183,1.5681872000570378
1.5707963267948966,0.0014017415807091025,1.568439315086917
1.5707963267948966,0.0012661426159605105,1.568667211030776
1.5707963267948966,0.001143735322985868,1.568873268238616
1.5707963267948966,0.0010331550449027022,1.5690590688146342
1.5707963267948966,0.0009332210103111756,1.5692270510397563
1.5707963267948966,0.0008429983244463357,1.5693787833575377
1.5707963267948966,0.0007615140456673956,1.5695158611472866
1.5707963267948966,0.000687878477038205,1.5696396787122573
1.5707963267948966,0.0006213574038804805,1.569751516538412
1.5707963267948966,0.0005612739446813636,1.5698525440662974
1.5707963267948966,0.0005070035803836798,1.5699438112600865
1.5707963267948966,0.0004579786445996571,1.570035068988778
1.5707963267948966,0.00041239944465847,1.5701263300900066
1.5707963267948966,0.0003673516227982053,1.5701263300900066
1.5707963267948966,0.00033507846684954534,1.5701867135399985
1.5707963267948966,0.00032060153304752734,1.5702444066952248
1.5707963267948966,0.00030000459156563934,1.5702983541686195
1.5707963267948966,0.0002688460872564303,1.5703467497639543
1.5707963267948966,0.00024104232598904442,1.5703901380137053
1.5707963267948966,0.0002179595569842305,1.570429425790416
1.5707963267948966,0.00019718131103489992,1.5704648676623496
1.5707963267948966,0.00017809041035647677,1.5704969240966555
1.5707963267948966,0.00016082681184573732,1.5705258722740447
1.5707963267948966,0.0001452836978534048,1.57055202555923
1.5707963267948966,0.0001312425237445869,1.570575670002438
1.5707963267948966,0.00011854734779719744,1.57059699013881
1.5707963267948966,0.00010707897463994878,1.5706162646804611
1.5707963267948966,9.672740589468415e-05,1.5706337025790529
1.5707963267948966,8.737383458159993e-05,1.5706494050876292
1.5707963267948966,7.892028905705958e-05,1.5706636130122797
1.5707963267948966,7.129163428025896e-05,1.5706764431536768
1.5707963267948966,6.440221660015492e-05,1.5706880354448556
1.5707963267948966,5.817495895149225e-05,1.5706985089372598
1.5707963267948966,5.254903355053409e-05,1.5707079657133352
1.5707963267948966,4.7467354274269824e-05,1.5707165103178824
1.5707963267948966,4.287771389169381e-05,1.5707242280413856
1.5707963267948966,3.87318467913414e-05,1.5707311992020216
1.5707963267948966,3.49866573271825e-05,1.570737497282327
1.5707963267948966,3.1603650760253074e-05,1.5707431857441436
1.5707963267948966,2.8547642996435857e-05,1.5707483241863573
1.5707963267948966,2.578716226181929e-05,1.5707529730533798
1.5707963267948966,2.3292643783874476e-05,1.5707571590928417
1.5707963267948966,2.1039138760499316e-05,1.5707609464682761
1.5707963267948966,1.900563762918952e-05,1.5707643673288987
1.5707963267948966,1.7169002733777856e-05,1.570767457735391
1.5707963267948966,1.550874499419752e-05,1.5707702492069973
1.5707963267948966,1.4008948697189048e-05,1.570772770767255
1.5707963267948966,1.2654366404891265e-05,1.570775048651506
1.5707963267948966,1.143077016695458e-05,1.570777106121949
1.5707963267948966,1.0325434965392809e-05,1.5707789656977047
1.5707963267948966,9.326848834461489e-06,1.5707806451893276
1.5707963267948966,8.42458452265868e-06,1.5707821603711942
1.5707963267948966,7.609792794105212e-06,1.5707835313441918
1.5707963267948966,6.874090600153035e-06,1.5707847675022528
1.5707963267948966,6.209423052270221e-06,1.570785885554422
1.5707963267948966,5.609086450428163e-06,1.570786896245759
1.5707963267948966,5.0666196416832425e-06,1.57078780699052
1.5707963267948966,4.576492941802799e-06,1.5707886307889047
1.5707963267948966,4.134166031442604e-06,1.5707893756637268
1.5707963267948966,3.7345193032047328e-06,1.5707900478292824
1.5707963267948966,3.373168036999539e-06,1.5707906543945722
1.5707963267948966,3.0469546132088057e-06,1.5707912028766085
1.5707963267948966,2.7525383145199374e-06,1.5707916984151316
1.5707963267948966,2.486465415770409e-06,1.5707921459032501
1.5707963267948966,2.245986315164287e-06,1.570792550181846
1.5707963267948966,2.028798863666995e-06,1.570792915460197
1.5707963267948966,1.8326239727155025e-06,1.57079324524136
1.5707963267948966,1.6554018333448136e-06,1.5707935432105629
1.5707963267948966,1.4953413606353056e-06,1.5707938123756024
1.5707963267948966,1.3507631150251344e-06,1.5707940558776428
1.5707963267948966,1.2200937464924454e-06,1.5707942751573662
1.5707963267948966,1.1020499357362239e-06,1.5707944735415358
1.5707963267948966,9.955324845198581e-07,1.5707946528890948
1.5707963267948966,8.993039731867252e-07,1.5707948146168058
1.5707963267948966,8.12313852248801e-07,1.5707949608342051
1.5707963267948966,7.337783271982244e-07,1.5707950929226804
1.5707963267948966,6.628500080521501e-07,1.570795212226323
1.5707963267948966,5.98753002047728e-07,1.57079532001448
1.5707963267948966,5.408508451441847e-07,1.5707954173675391
1.5707963267948966,4.88549830969268e-07,1.57079550530328
1.5707963267948966,4.413077852126543e-07,1.5707955847393633
1.5707963267948966,3.9863587020888185e-07,1.5707956564899876
1.5707963267948966,3.6009005091351197e-07,1.5707957213065218
1.5707963267948966,3.2527130725739534e-07,1.5707957798954335
1.5707963267948966,2.9381306119431904e-07,1.5707958328252987
1.5707963267948966,2.6538355692121265e-07,1.5707958805218587
1.5707963267948966,2.3971335515113393e-07,1.570795923675674
1.5707963267948966,2.1655028812870187e-07,1.570795962649624
1.5707963267948966,1.9562283291113876e-07,1.5707959978654362
1.5707963267948966,1.7670508059473912e-07,1.5707960296906722
1.5707963267948966,1.5961313084885707e-07,1.5707960584276524
1.5707963267948966,1.4417205605616643e-07,1.5707960843801447
1.5707963267948966,1.3022654880148623e-07,1.5707961078199508
1.5707963267948966,1.1763357409108587e-07,1.5707961289771886
1.5707963267948966,1.0626198536721339e-07,1.5707961481012036
1.5707963267948966,9.59926048380948e-08,1.5707961654033789
1.5707963267948966,8.671024674206139e-08,1.5707961810035054
1.5707963267948966,7.831938879270708e-08,1.5707961951114184
1.5707963267948966,7.074302416655664e-08,1.5707962078250979
1.5707963267948966,6.390419192141561e-08,1.5707962193290892
1.5707963267948966,5.7729651218666114e-08,1.5707962297287783
1.5707963267948966,5.214877251460294e-08,1.570796239107279
1.5707963267948966,4.710405832684813e-08,1.57079624759525
1.57,-0.00011658709934027349,1.5707962552577914
1.57,-0.0003498419911746721,1.5707962629048486
1.57,-0.0004464529782153469,1.5707962629048486
3.141592653589793,0.22977897552150958,1.5707962629048486
3.141592653589793,0.6901097293873601,1.5707962629048486
3.141592653589793,0.88076810243535,1.7292939260367555
3.141592653589793,0.7785411975345468,1.8694672917448742
3.141592653589793,0.6788604264179422,1.9918256371403804
3.141592653589793,0.6142159027799942,2.1023136192484415
3.141592653589793,0.5587747523906367,2.20280916878255
3.141592653589793,0.5048692928941426,2.2936876130685713
3.141592653589793,0.45545797227229556,2.3757447336659654
3.141592653589793,0.4113554004835354,2.449730820396944
3.141592653589793,0.3716558245545689,2.516622743965943
3.141592653589793,0.3357400361111121,2.577052146799926
3.141592653589793,0.3032749755202786,2.6317196810799497
3.141592653589793,0.27393622926057476,2.681005701142801
3.141592653589793,0.24742752386449615,2.72554064860325
3.141592653589793,0.22349818712609515,2.7657332606990668
3.141592653589793,0.20189884261007846,2.802071032058177
3.141592653589793,0.18238906517103526,2.834904202504147
3.141592653589793,0.16475770994443356,2.864560243907536
3.141592653589793,0.1488240991512466,2.891348939379071
3.141592653589793,0.13443189053983695,2.915546195116492
3.141592653589793,0.12143298950962833,2.937406353229709
3.141592653589793,0.10969079610496778,2.9571491712780835
3.141592653589793,0.0990836376391175,2.974984528000602
3.141592653589793,0.08950260362297482,2.9910955574581513
3.141592653589793,0.08084809699892914,3.005668498339163
3.141592653589793,0.07302715607161375,3.0187947580224437
3.141592653589793,0.06596211665458508,3.0306684372189436
3.141592653589793,0.05958645809025299,3.041405816402742
3.141592653589793,0.05382623971542558,3.0510839044338924
3.141592653589793,0.048619114091838896,3.0598364946034096
3.141592653589793,0.04391859132084905,3.06773999585425
3.141592653589793,0.03967371457946332,3.0748819131913954
3.141592653589793,0.03583767220677096,3.0813300811385016
3.141592653589793,0.03237245423205902,3.08715897202457
3.141592653589793,0.02924250366723324,3.0924178300254725
3.141592653589793,0.02641538412215665,3.0971772311684633
3.141592653589793,0.02386153146121806,3.1014724358555554
3.141592653589793,0.021553464550388143,3.1053518337775214
3.141592653589793,0.019468506565543248,3.108856119841055
3.141592653589793,0.017586076545762174,3.112020772864145
3.141592653589793,0.01588586384601335,3.1148809448787844
3.141592653589793,0.014349900732192417,3.1174662770206374
3.141592653589793,0.012961839819755959,3.119797258791105
3.141592653589793,0.011707933946965236,3.121904694941397
3.141592653589793,0.01057613481929902,3.123808583487444
3.141592653589793,0.009553849386641155,3.1255281414843292
3.141592653589793,0.00862996206068242,3.1270814813194976
3.141592653589793,0.007795424004456494,3.1284847115012226
3.141592653589793,0.00704166420613732,3.129752202293568
3.141592653589793,0.006360760224141562,3.1308971380462234
3.141592653589793,0.005745683915494658,3.131931447699973
3.141592653589793,0.00519008161840816,3.132865619179186
3.141592653589793,0.004688198621098071,3.133709639993225
3.141592653589793,0.004234843680554802,3.134471800266747
3.141592653589793,0.0038253289605832126,3.1351610228720257
3.141592653589793,0.003455347710430168,3.1357824539990915
3.141592653589793,0.0031211231411070526,3.1363441632058953
3.141592653589793,0.0028193984719455697,3.1368516961899227
3.141592653589793,0.002546892419008541,3.1373101423999823
3.141592653589793,0.0023006123849340053,3.137724604212996
3.141592653589793,0.0020780713592869326,3.138098347242788
3.141592653589793,0.001877064817701715,3.138436189989849
3.141592653589793,0.0016956101402558123,3.1387414148054757
3.141592653589793,0.0015317153434188332,3.139017085507075
3.141592653589793,0.0013836048867775074,3.1392661112886566
3.141592653589793,0.0012498164716465922,3.139491320206649
3.141592653589793,0.0011289398273040495,3.139694347983947
3.141592653589793,0.0010197319520359536,3.139878062792594
3.141592653589793,0.0009211215457579382,3.1400437202275504
3.141592653589793,0.0008320583940686264,3.1401934829182157
3.141592653589793,0.000751621813361675,3.140328782941166
3.141592653589793,0.0006789649847944376,3.140450993025181
3.141592653589793,0.000613308694813116,3.1405614242805817
3.141592653589793,0.0005539944529706272,3.1406611137064577
3.141592653589793,0.0005004190503879869,3.1407511903380345
3.141592653589793,0.00045203439202683057,3.1408412691170096
3.141592653589793,0.00040705327073541645,3.1409313354408046
3.141592653589793,0.0003625902224456324,3.14099660488607
3.141592653589793,0.00032117794979229117,3.1410544167242294
3.141592653589793,0.0002880340775178935,3.1411062603983426
3.141592653589793,0.0002610566885097452,3.14115325184587
3.141592653589793,0.00023621105060586903,3.1411957701997832
3.141592653589793,0.00021325741511030147,3.1412341561318304
3.141592653589793,0.00019256394707021718,3.1412688156672903
3.141592653589793,0.00017395702078628453,3.1413001323430865
3.141592653589793,0.00015714844811198176,3.141328416743811
3.141592653589793,0.00014195073719047084,3.1413539686744674
3.141592653589793,0.00012822230123156285,3.1413770502899805
3.141592653589793,0.00011582362514043254,3.141397898323808
3.141592653589793,0.00010462364438971126,3.14141672881079
3.141592653589793,9.450693059781806e-05,3.141433739758134
3.141592653589793,8.536903111102607e-05,3.1414491075979063
3.141592653589793,7.711428112882113e-05,3.141462987559569
3.141592653589793,6.965719701153415e-05,3.1414755256338553
3.141592653589793,6.29215100746728e-05,3.141486851332836
3.141592653589793,5.683742884585235e-05,3.1414970834994156
3.141592653589793,5.134132255747578e-05,3.1415063244108525
3.141592653589793,4.637641330486678e-05,3.1415146728240106
3.141592653589793,4.189179613412395e-05,3.141522219326799
3.141592653589793,3.784004351292346e-05,3.1415290244709198
3.141592653589793,3.41800271784841e-05,3.1415351853776663
3.141592653589793,3.0874660496547825e-05,3.1415407351328963
3.141592653589793,2.7888841266931197e-05,3.1415457553589086
3.141592653589793,2.519306600805255e-05,3.1415502898740306
3.141592653589793,2.2758188702919713e-05,3.1415543900212644
3.141592653589793,2.0556965081556107e-05,3.141558086879367
3.141592653589793,1.8568389877886204e-05,3.1415614290588443
3.141592653589793,1.6773397371709787e-05,3.141564448447463
3.141592653589793,1.5152132647473858e-05,3.141567175679179
3.141592653589793,1.3686922159289785e-05,3.1415696393698087
3.141592653589793,1.2363339789102283e-05,3.1415718648484257
3.141592653589793,1.1167841121810797e-05,3.141573874904549
3.141592653589793,1.0087954559261616e-05,3.141575690706499
3.141592653589793,9.112519823517034e-06,3.1415773310367165
3.141592653589793,8.231388717817223e-06,3.1415788126923383
3.141592653589793,7.435415007146794e-06,3.141580151349751
3.141592653589793,6.7163738211522215e-06,3.141581360075391
3.141592653589793,6.066869588835217e-06,3.1415824521069697
3.141592653589793,5.480252131156083e-06,3.1415834385278942
3.141592653589793,4.950376507007681e-06,3.141584329571446
3.141592653589793,4.471700273942379e-06,3.1415851344661703
3.141592653589793,4.039305938725035e-06,3.1415858615483465
3.141592653589793,3.648722073562154e-06,3.1415865183184772
3.141592653589793,3.2959008892413504e-06,3.141587111578656
3.141592653589793,2.977195803347511e-06,3.1415876474689193
3.141592653589793,2.689311456027992e-06,3.1415881315739487
3.141592653589793,2.429261166918246e-06,3.141588568588251
3.141592653589793,2.194387972786081e-06,3.1415889638395105
3.141592653589793,1.982231271719208e-06,3.1415893206046457
3.141592653589793,1.7905191198786e-06,3.141589643337309
3.141592653589793,1.6172814896337562e-06,3.141589934044796
3.141592653589793,1.4608299215687907e-06,3.1415901969914235
3.141592653589793,1.3196378064340768e-06,3.1415904345667784
3.141592653589793,1.192101945375267e-06,3.141590649130088
3.141592653589793,1.0768143812458504e-06,3.1415908431085278
3.141592653589793,9.726538094173736e-07,3.1415910182179796
3.141592653589793,8.785541292819459e-07,3.1415911763206226
3.141592653589793,7.935770061965291e-07,3.1415913191803537
3.141592653589793,7.168503448286422e-07,3.141591448107773
3.141592653589793,6.475538690757954e-07,3.1415915647960255
3.141592653589793,5.84947077154139e-07,3.1415916699687902
3.141592653589793,5.283768927176683e-07,3.141591765155338
3.141592653589793,4.772865047221199e-07,3.141591850982539
3.141592653589793,4.3114227435133177e-07,3.1415919285907576
3.141592653589793,3.8946517505249934e-07,3.1415919988013923
3.141592653589793,3.518006708012428e-07,3.1415920620367537
3.141592653589793,3.1776152481255376e-07,3.141592119227296
3.141592653589793,2.870454877644764e-07,3.1415921708950036
3.141592653589793,2.5930818917241404e-07,3.1415922175715463
3.141592653589793,2.3423447730565503e-07,3.141592259751856
3.141592653589793,2.1157879648118432e-07,3.1415922978196593
3.141592653589793,1.9111620490557727e-07,3.1415923322266126
3.141592653589793,1.726378200878097e-07,3.141592363299316
3.141592653589793,1.5594592555065816e-07,3.141592391368017
3.141592653589793,1.4086619590511747e-07,3.1415924167230918
3.141592653589793,1.2724547542380743e-07,3.1415924396280746
3.141592653589793,1.1494166900775124e-07,3.141592460320564
3.141592653589793,1.0382654809053781e-07,3.1415924790060945
3.141592653589793,9.378620961144131e-08,3.1415924958874957
3.141592653589793,8.47179568488417e-08,3.1415925111386587
3.141592653589793,7.652636061427682e-08,3.141592524911354
3.141592653589793,6.912618042169063e-08,3.1415925373554936
3.141592653589793,6.244191818296295e-08,3.1415925485936347
3.141592653589793,5.640411731586796e-08,3.1415925587468503
3.141592653589793,5.0950151011937865e-08,3.141592567917519
3.141592653589793,4.602353438331072e-08,3.14159257621504
-1.5707963267948966,-0.6901565197023637,3.1415925844867556
-1.5707963267948966,-1.0,3.1415925927787756
-1.5707963267948966,-1.0,2.9617485474787757
-1.5707963267948966,-1.0,2.781731552778776
-1.5707963267948966,-1.0,2.6015592045787757
-1.5707963267948966,-1.0,2.4217492773787757
-1.5707963267948966,-1.0,2.241597742578776
-1.5707963267948966,-1.0,2.0617309524787757
-1.5707963267948966,-1.0,1.881747646578776
-1.5707963267948966,-1.0,1.7017645548787756
-1.5707963267948966,-1.0,1.5217760991787757
-1.5707963267948966,-1.0,1.3417612500787757
-1.5707963267948966,-1.0,1.161787815378776
-1.5707963267948966,-1.0,0.9817856265787758
-1.5707963267948966,-1.0,0.8017604778787757
-1.5707963267948966,-1.0,0.6217771719787758
-1.5707963267948966,-1.0,0.4417610358787758
-1.5707963267948966,-1.0,0.26177064877877576
-1.5707963267948966,-0.9799119369249809,0.08537804780387596
-1.5707963267948966,-0.8904407680445584,-0.07489464125579735
-1.5707963267948966,-0.8043879057167896,-0.21989231297157413
-1.5707963267948966,-0.7257301082823772,-0.35033440246772013
-1.5707963267948966,-0.655452403633984,-0.468212066912375
-1.5707963267948966,-0.5922461094688417,-0.574905858261261
-1.5707963267948966,-0.5350513613894005,-0.6712124856260725
-1.5707963267948966,-0.48328011098727813,-0.7582002302134162
-1.5707963267948966,-0.4365222688787913,-0.8367784721791711
-1.5707963267948966,-0.39431599280468965,-0.907752914247769
-1.5707963267948966,-0.35619084933129985,-0.9718672058981961
-1.5707963267948966,-0.32174801655529955,-1.029785245571961
-1.5707963267948966,-0.29063518748494155,-1.082095600552597
-1.5707963267948966,-0.2625312440219772,-1.129351235817903
-1.5707963267948966,-0.23714604349035986,-1.1720392129560087
-1.5707963267948966,-0.21421520270085204,-1.2106016358501637
-1.5707963267948966,-0.1935001239936732,-1.2454350297151855
-1.5707963267948966,-0.17478728401327862,-1.2768946480045515
-1.5707963267948966,-0.15788471273783175,-1.3053469684870813
-1.5707963267948966,-0.14261325660583682,-1.3309855657533942
-1.5707963267948966,-0.1288181419330315,-1.3541722287802447
-1.5707963267948966,-0.11636676064197878,-1.3751210472255635
-1.5707963267948966,-0.1051200020935305,-1.3940582385280695
-1.5707963267948966,-0.09495180169123404,-1.4111318819429552
-1.5707963267948966,-0.08576673381682935,-1.426571590821893
-1.5707963267948966,-0.07747630380222421,-1.440514070362632
-1.5707963267948966,-0.06998792636158305,-1.4531146183642725
-1.5707963267948966,-0.06322037627591535,-1.464495197719119
-1.5707963267948966,-0.057106173502272276,-1.4747733310976767
-1.5707963267948966,-0.05158357956708061,-1.4840593295509055
-1.5707963267948966,-0.04659573555500078,-1.4924449141951286
-1.5707963267948966,-0.042090282298235436,-1.5000225757445935
-1.5707963267948966,-0.03802041174917534,-1.506866879682774
-1.5707963267948966,-0.03434366592837796,-1.5130474587612452
-1.5707963267948966,-0.03102249424987786,-1.5186364882790966
-1.5707963267948966,-0.02802229719202786,-1.523681849861928
-1.5707963267948966,-0.025311168532126976,-1.5282326473473649
-1.5707963267948966,-0.022863260035180452,-1.5323491585802576
-1.5707963267948966,-0.02065382462258614,-1.536065899503661
-1.5707963267948966,-0.01865739636889483,-1.5394242396488904
-1.5707963267948966,-0.01685322605234996,-1.542458302025423
-1.5707963267948966,-0.015223514617512708,-1.5452022984483011
-1.5707963267948966,-0.013750759241094687,-1.5476735940337403
-1.5707963267948966,-0.012420453294097213,-1.549911477560657
-1.5707963267948966,-0.011219750039921575,-1.5519297017113867
-1.5707963267948966,-0.010135073967847578,-1.5537553464094558
-1.5707963267948966,-0.009154881772101931,-1.5554017954123787
-1.5707963267948966,-0.008269597326683066,-1.556891451845337
-1.5707963267948966,-0.007470034660681417,-1.5582349059247886
-1.5707963267948966,-0.006747764218639789,-1.5594494950852016
-1.5707963267948966,-0.006095440506319831,-1.5605467178026955
-1.5707963267948966,-0.005506197073440701,-1.5615392454073298
-1.5707963267948966,-0.0049735317528203015,-1.562433175076881
-1.5707963267948966,-0.004492334580444886,-1.563241736692567
-1.5707963267948966,-0.004058142312774177,-1.563972198999857
-1.5707963267948966,-0.0036659993540469854,-1.564632135679447
-1.5707963267948966,-0.003311495901770197,-1.5652288168843527
-1.5707963267948966,-0.002991134840881587,-1.5657674613270887
-1.5707963267948966,-0.0027016700655346413,-1.5662530513248212
-1.5707963267948966,-0.00244037877602839,-1.566692356264664
-1.5707963267948966,-0.0022046030494119293,-1.5670894909747204
-1.5707963267948966,-0.00199149508277848,-1.5674476507899213
-1.5707963267948966,-0.0017988464267207657,-1.5677714146610988
-1.5707963267948966,-0.0016249366911113075,-1.5680639005453547
-1.5707963267948966,-0.0014678791022255163,-1.5683280983728967
-1.5707963267948966,-0.0013259471665053998,-1.568566847447513
-1.5707963267948966,-0.0011977164811243308,-1.5687823902047762
-1.5707963267948966,-0.0010818854170684183,-1.568977300487019
-1.5707963267948966,-0.0009772488458734791,-1.5691530635668574
-1.5707963267948966,-0.0008827303346675901,-1.5693119669987747
-1.5707963267948966,-0.0007973897060213776,-1.5694555346510037
-1.5707963267948966,-0.0007203009683575372,-1.5695852520712623
-1.5707963267948966,-0.0006506265483428028,-1.5697022732941217
-1.5707963267948966,-0.0005876980604893268,-1.5698080565743533
-1.5707963267948966,-0.0005308901041402228,-1.5699036277514666
-1.5707963267948966,-0.0004795710103101654,-1.5699991746648847
-1.5707963267948966,-0.0004318420086939993,-1.5700948054209276
-1.5707963267948966,-0.0003846613141972869,-1.5701639940424637
-1.5707963267948966,-0.00034071599241260945,-1.570225327614597
-1.5707963267948966,-0.00030555990024825914,-1.5702803215911199
-1.5707963267948966,-0.0002769503769333878,-1.570330177365407
-1.5707963267948966,-0.00025059209347562156,-1.5703752736827417
-1.5707963267948966,-0.0002262406756216648,-1.5704159925964614
-1.5707963267948966,-0.00020429055633876614,-1.5704527671847588
-1.5707963267948966,-0.00018455287746550481,-1.5704859870671204
-1.5707963267948966,-0.00016672006655797604,-1.5705159987253066
-1.5707963267948966,-0.00015059624529738185,-1.5705431072192764
-1.5707963267948966,-0.00013603097899390754,-1.570567588043457
-1.5707963267948966,-0.0001228774418250317,-1.5705897055928248
-1.5707963267948966,-0.00011099735986965218,-1.5706096880756697
-1.5707963267948966,-0.00010026472070750118,-1.570627744550698
-1.5707963267948966,-9.056707366092265e-05,-1.570644070122988
-1.5707963267948966,-8.180281588508688e-05,-1.5706587689006857
-1.5707963267948966,-7.388823548564027e-05,-1.5706720678667117
-1.5707963267948966,-6.674846050057046e-05,-1.5706840828932136
-1.5707963267948966,-6.029915645496287e-05,-1.5706949374426966
-1.5707963267948966,-5.446790978970495e-05,-1.5707047411661983
-1.5707963267948966,-4.9200003429393315e-05,-1.5707135969578139
-1.5707963267948966,-4.4442597598949044e-05,-1.570721596303035
-1.5707963267948966,-4.014548780110717e-05,-1.5707288225873086
-1.5707963267948966,-3.626366491034092e-05,-1.5707353504298285
-1.5707963267948966,-3.275699478656117e-05,-1.5707412460225538
-1.5707963267948966,-2.9589439776202146e-05,-1.570746572446792
-1.5707963267948966,-2.6728333328691e-05,-1.570751383255455
-1.5707963267948966,-2.4143846598692276e-05,-1.5707557290038197
-1.5707963267948966,-2.1809257674799877e-05,-1.5707596547600402
-1.5707963267948966,-1.9700434715599524e-05,-1.5707632014605546
-1.5707963267948966,-1.7795363962611722e-05,-1.5707664030917996
-1.5707963267948966,-1.6074618797680294e-05,-1.5707692977000574
-1.5707963267948966,-1.452045530329558e-05,-1.5707719136166316
-1.5707963267948966,-1.311593699611048e-05,-1.570774272698727
-1.5707963267948966,-1.1847037774336595e-05,-1.5707764052067044
-1.5707963267948966,-1.0701681405497072e-05,-1.5707783310321832
-1.5707963267948966,-9.667297451041102e-06,-1.570780071173105
-1.5707963267948966,-8.732625190852412e-06,-1.5707816445038498
-1.5707963267948966,-7.887994248754462e-06,-1.5707830647866066
-1.5707963267948966,-7.124718138738006e-06,-1.570784346873849
-1.5707963267948966,-6.43548614745165e-06,-1.570785504289474
-1.5707963267948966,-5.813442611180512e-06,-1.5707865506869443
-1.5707963267948966,-5.251706221454348e-06,-1.5707874959773844
-1.5707963267948966,-4.744022275758427e-06,-1.570788349865969
-1.5707963267948966,-4.285247834301454e-06,-1.5707891212181189
-1.5707963267948966,-3.870863801680649e-06,-1.5707898179164592
-1.5707963267948966,-3.496580324918347e-06,-1.5707904473520862
-1.5707963267948966,-3.158483316811007e-06,-1.5707910158717635
-1.5707963267948966,-2.8530602006967057e-06,-1.5707915304285665
-1.5707963267948966,-2.5770229875938875e-06,-1.5707919933820762
-1.5707963267948966,-2.3276628673701714e-06,-1.5707924123929582
-1.5707963267948966,-2.10271279550742e-06,-1.5707927911845538
-1.5707963267948966,-1.8995029524383233e-06,-1.5707931328286031
-1.5707963267948966,-1.7157600352836344e-06,-1.5707934416419211
-1.5707963267948966,-1.5498650329193575e-06,-1.5707937206057203
-1.5707963267948966,-1.4000572142906826e-06,-1.5707939726220872
-1.5707963267948966,-1.264683995121476e-06,-1.5707942002837134
-1.5707963267948966,-1.1423812130873539e-06,-1.5707944060795596
-1.5707963267948966,-1.031883548676524e-06,-1.5707945920320896
-1.5707963267948966,-9.320201936679538e-07,-1.5707947594687806
-1.5707963267948966,-8.418569929516974e-07,-1.570794911188415
-1.5707963267948966,-7.604999785558048e-07,-1.5707950480838295
-1.5707963267948966,-6.869645211598407e-07,-1.5707951716742352
-1.5707963267948966,-6.205101496972989e-07,-1.5707952834129566
-1.5707963267948966,-5.605172687287835e-07,-1.5707953841783577
-1.5707963267948966,-5.063361430344564e-07,-1.570795475325187
-1.5707963267948966,-4.574045823497186e-07,-1.570795557647235
-1.5707963267948966,-4.131923930880975e-07,-1.5707956320346508
-1.5707963267948966,-3.732347844193844e-07,-1.5707956992892467
-1.5707963267948966,-3.3712834187245724e-07,-1.570795759954278
-1.5707963267948966,-3.0450805460993726e-07,-1.570795814717781
-1.5707963267948966,-2.750658444847933e-07,-1.5707958642292905
-1.5707963267948966,-2.4848813941167564e-07,-1.5707959089974761
-1.5707963267948966,-2.244622991187868e-07,-1.5707959493628902
-1.5707963267948966,-2.0274814789710256e-07,-1.570795985890847
-1.5707963267948966,-1.831423064085421e-07,-1.570796018827232
-1.5707963267948966,-1.654345255965711e-07,-1.5707960486338883
-1.5707963267948966,-1.4943725889495174e-07,-1.5707960755312544
-1.5707963267948966,-1.3498301977897502e-07,-1.5707960998063069
-1.5707963267948966,-1.2192976197039608e-07,-1.5707961217582218
-1.5707963267948966,-1.1014607455885474e-07,-1.5707961415809746
-1.5707963267948966,-9.94982689146695e-08,-1.570796159490774
-1.5707963267948966,-8.987660250099511e-08,-1.570796175668875
-1.5707963267948966,-8.118573775565629e-08,-1.5707961902818932
-1.5707963267948966,-7.333535306389184e-08,-1.5707962034838963
-1.5707963267948966,-6.624389921158195e-08,-1.570796215405825
-1.5707963267948966,-5.983817247749832e-08,-1.5707962261765063
-1.5707963267948966,-5.4052384849751205e-08,-1.5707962359067265
-1.5707963267948966,-4.410438886089375e-08,-1.5707962446954649
1.57,0.45998770457417426,-1.5707962534840674
1.57,1.0,-1.570796262272502
1.57,1.0,-1.390784846672502
1.57,1.0,-1.2107848034725022
1.57,1.0,-1.0307987084725019
1.57,1.0,-0.850770984872502
1.57,1.0,-0.670787464772502
1.57,1.0,-0.49078184247250195
1.57,1.0,-0.3106989731725019
1.57,1.0,-0.13079591937250185
1.57,0.9141090123703672,0.03388751788827341
1.57,0.8262884800776704,0.18248827612903037
1.57,0.7453422444301194,0.31670077097688815
1.57,0.6731143907770575,0.4379162749311182
1.57,0.6081799643400668,0.5473558087313108
1.57,0.5493879326946184,0.646254029890484
1.57,0.4962406501917427,0.7355177383492244
1.57,0.4482624100791454,0.8161412199697254
1.57,0.40494657753611896,0.889089838969585
1.57,0.36580937875351227,0.9549426855592072
1.57,0.330424579329169,1.0144186277820388
1.57,0.2984589294421273,1.0681362525784077
1.57,0.2695996191160694,1.1167108225157305
1.57,0.24352726702390778,1.1605087444380056
1.57,0.19870468622952223,1.2001021340810611
1.57,0.19870468622952223,1.2358669394287973
1.57,0.17949823230481696,1.268175935632216
1.57,0.16214208540833752,1.297362179063537
1.57,0.14646266578529418,1.3237243023478034
1.57,0.132300070268649,1.3475373838682656
1.57,0.11950755537085915,1.369049723462353
1.57,0.10795189280879555,1.3884817405729062
1.57,0.0975129721352483,1.4060497308358704
1.57,0.08808105538723728,1.4219051184499945
1.57,0.0795589449271892,1.4362123137053897
1.57,0.07186536638033235,1.4491483911470933
1.57,0.06492073514022663,1.460844406975209
1.57,0.05864386169119298,1.4714002919987441
1.57,0.05296944951953713,1.4809291349010563
1.57,0.047846407179872395,1.4895387490344685
1.57,0.04322239225655795,1.4973270822170108
1.57,0.03904368711162651,1.5043475080278566
1.57,0.03526697931736492,1.5106960879561446
1.57,0.03185744178036108,1.5164353848417966
1.57,0.028777391836277994,1.5216101852209285
1.57,0.025993854038188442,1.5262908091559138
1.57,0.023480716509712226,1.5305163818332168
1.57,0.02121075244599745,1.5343393883698864
1.57,0.01915899810462563,1.5377860889753374
1.57,0.01563163863887723,1.5409012592745641
1.57,0.01563163863887723,1.5437177489461444
1.57,0.01412009017825516,1.5462547361834191
1.57,0.012754573252045112,1.5485538085325503
1.57,0.011521708328288253,1.5506266682832044
1.57,0.010407530553145758,1.5524980880257992
1.57,0.009401189911319286,1.5541890498867303
1.57,0.008493040417425336,1.555718900084232
1.57,0.007672337073878463,1.5570998848717077
1.57,0.006930202358505533,1.5583473855329775
1.57,0.006259807496893653,1.5594742344320691
1.57,0.005654498017882253,1.5604915395724928
1.57,0.005107807797895787,1.561411293729569
1.57,0.004613989604044907,1.5622418526491946
1.57,0.004167789920919899,1.562992036233697
1.57,0.003764699607850672,1.5636696782869757
1.57,0.0034006659064320013,1.5642818727246959
1.57,0.0030718375113144335,1.5648347554906374
1.57,0.002774786223001915,1.5653342218930142
1.57,0.002506473467743818,1.5657853581817267
1.57,0.0022641173239967022,1.566193153970453
1.57,0.0020451553703696394,1.5665610898129745
1.57,0.0018473489397581907,1.5668939559818584
1.57,0.001668686046817023,1.5671940033737575
1.57,0.001507308420057825,1.5674656093963864
1.57,0.0012299033238859379,1.5677104324696691
1.57,0.0012299033238859379,1.567932004606894
1.57,0.0011109802868586058,1.5681318015986607
1.57,0.0010035603430415818,1.5683124487476134
1.57,0.0009065428459245744,1.5684756206638077
1.57,0.0008189085413386297,1.5686230263444962
1.57,0.0007397210551920731,1.5687561848963525
1.57,0.0006681870152897858,1.5688764594479272
1.57,0.0006035722522241831,1.5689850934136862
1.57,0.0005452090820426982,1.5690832446424787
1.57,0.0004924900999729346,1.5691813690806786
1.57,0.00044347732520854424,1.5692796018510509
1.57,0.00039502298593221063,1.5692796018510509
1.57,0.0003602914383457261,1.5692796018510509
1.57,0.0003542216836971644,1.5692796018510509
1.57,0.0003601832205705329,1.5692796018510509
1.57,0.00036122507066545294,1.5692796018510509
1.57,0.00036020179573639793,1.5692796018510509
1.57,0.00036002296616533084,1.5692796018510509
1.57,0.00036019860738045273,1.5692796018510509
1.57,0.00036022930279013205,1.5692796018510509
