0,0
0.0,0.0
0.040004301,0.0
0.079996395,0.0
0.1200028896,0.0
0.1600067138,0.0
0.2000030516,0.0
0.240045595,0.0
0.280002737,0.0
0.3200493336,0.0
0.3600621222,0.0
0.4000416278,0.0
0.44000868800000004,0.0
0.4800424576,0.0
0.5200390338,0.0
0.5600572108,0.0
0.6000050068,0.0
0.6399867534,0.0
0.6800448894,0.0
0.7200052738,0.0
0.7600078582,0.0
0.8000527858,0.0
0.8400455950000001,0.0
0.8800061702,0.0
0.9201009272,0.0
0.9600495338,0.0
1.0000644206,0.0
1.0000644206,0.0
1.0000644206,0.0
1.0000644206,0.0
1.0000644206,0.0
1.0000644206,0.0
1.0000644206,0.0
1.0000644206,0.0
1.0000644206,0.0
1.0000644206,0.0
1.0000644206,0.0
1.0000644206,0.0
1.0000644206,0.0
1.0000644206,0.0
1.0000644206,0.0
1.0000644206,0.0
1.0000644206,0.0
1.0000644206,0.0
1.0017025314491401,0.04000434550162176
1.0033395146583663,0.07998115288105512
1.004975770170558,0.11994018915323468
1.0066122519864624,0.15990475199397614
1.008247399366552,0.19983672654472848
1.0098859199124774,0.23985107726166546
1.0115238376228217,0.27985070611598584
1.0131589030684638,0.31978067974357466
1.0147954043921803,0.35974571898507735
1.0164301732928935,0.39966845068163187
1.0180674198821316,0.43965169007083893
1.0197051366390995,0.4796464114377879
1.0213418213558885,0.5196159293260438
1.0229782914703787,0.5595802064062616
1.0246130623267828,0.5995029858627918
1.026250000661495,0.6394786973606084
1.0278877876596788,0.6794751340900297
1.0295233057209296,0.7194161610545748
1.0311610478445994,0.7594115019023794
1.032796470306115,0.7993501942234291
1.0344343899639674,0.8393498706378926
1.0360709478717949,0.8793162917213683
1.0377072775202185,0.9192771384763064
1.03934241709391,0.9592089223868213
1.0409798451205297,0.999196592662806
1.0409798451205297,0.999196592662806
1.0409798451205297,0.999196592662806
1.0409798451205297,0.999196592662806
1.0409798451205297,0.999196592662806
1.0409798451205297,0.999196592662806
1.0409798451205297,0.999196592662806
1.0409798451205297,0.999196592662806
1.0409798451205297,0.999196592662806
1.0409798451205297,0.999196592662806
1.0409798451205297,0.999196592662806
1.0409798451205297,0.999196592662806
1.0409798451205297,0.999196592662806
1.0409798451205297,0.999196592662806
1.0409798451205297,0.999196592662806
1.0409798451205297,0.999196592662806
1.0409798451205297,0.999196592662806
1.0409798451205297,0.999196592662806
1.0011212028370915,1.002459226584551
0.9612511070602894,1.0057227980333625
0.9213983578671907,1.0089849495754943
0.881507303786219,1.0122502365687953
0.8416503723806859,1.0155127304464253
0.8017866449048634,1.0187757806172
0.7619187828572705,1.0220391692238404
0.7220682197527172,1.0253011418234335
0.6821229874727538,1.0285708635796798
0.6423203767895378,1.0318289110281005
0.6024534651632255,1.0350922218378935
0.5625650249401086,1.0383572948735478
0.5227336618204891,1.0416176958560823
0.48285496421283125,1.0448819714087851
0.442989811105088,1.0481451382748308
0.4031225191507969,1.0514084802164159
0.36330251464188,1.0546679514385155
0.32339934169291457,1.0579342304232027
0.2835174122941029,1.0611987705145562
0.2436537799002752,1.0644618129023828
0.2037883415465478,1.0677250031172727
0.16392309335680982,1.0709881777662664
0.12410313608989032,1.0742476451213667
0.08419174143871473,1.0775145970944695
0.04428690505317498,1.080781012239956
0.004495985667976432,1.084038102695782
0.004495985667976432,1.084038102695782
0.004495985667976432,1.084038102695782
0.004495985667976432,1.084038102695782
0.004495985667976432,1.084038102695782
0.004495985667976432,1.084038102695782
0.004495985667976432,1.084038102695782
0.004495985667976432,1.084038102695782
0.004495985667976432,1.084038102695782
0.004495985667976432,1.084038102695782
0.004495985667976432,1.084038102695782
0.004495985667976432,1.084038102695782
0.004495985667976432,1.084038102695782
0.004495985667976432,1.084038102695782
0.004495985667976432,1.084038102695782
0.004495985667976432,1.084038102695782
0.004495985667976432,1.084038102695782
0.004495985667976432,1.084038102695782
-0.007419196229115233,1.0458361717387028
-0.019329919928381428,1.0076485344589667
-0.031238996695623408,0.9694661775000872
-0.043136530467894514,0.9313208291828485
-0.05504654432373691,0.8931354677718067
-0.06695540807840113,0.854953793764464
-0.07886902820085918,0.8167568701003695
-0.09077569126225773,0.7785822518587648
-0.10268759340879857,0.7403908362933248
-0.11459421395105245,0.7022163543747275
-0.12650549135200945,0.6640269418410385
-0.1384180324171823,0.625833477802845
-0.15032581717411198,0.5876552632304748
-0.16223637049904632,0.5494681721974111
-0.17414676768224768,0.5112815817790887
-0.18605679565158767,0.47309617511797303
-0.1979683144707695,0.4349059885598136
-0.20987841348400252,0.39672035412089995
-0.2217995300770614,0.3584993956032221
-0.23371073655322666,0.32031021046547387
-0.24562865861267594,0.2820994941206347
-0.25751821319699775,0.24397972832406284
-0.2694275880746575,0.2057964155767031
-0.28133680681058426,0.16761360344408469
-0.2932477718685247,0.12942519233080685
-0.2932477718685247,0.12942519233080685
-0.2932477718685247,0.12942519233080685
-0.2932477718685247,0.12942519233080685
-0.2932477718685247,0.12942519233080685
-0.2932477718685247,0.12942519233080685
-0.2932477718685247,0.12942519233080685
-0.2932477718685247,0.12942519233080685
-0.2932477718685247,0.12942519233080685
-0.2932477718685247,0.12942519233080685
-0.2932477718685247,0.12942519233080685
-0.2932477718685247,0.12942519233080685
-0.2932477718685247,0.12942519233080685
-0.2932477718685247,0.12942519233080685
-0.2932477718685247,0.12942519233080685
-0.2932477718685247,0.12942519233080685
-0.2932477718685247,0.12942519233080685
-0.2932477718685247,0.12942519233080685
-0.2555574178275478,0.11596098729151715
-0.2178895159740182,0.10250480289472504
-0.18025681920464864,0.08906119488474641
-0.14255353258768286,0.07559236991393227
-0.10492424859450088,0.06214998105722275
-0.06725131741632795,0.04869200002413125
-0.029581799014342595,0.03523523814430886
0.008085743480634823,0.021779182121933825
0.04575903401735995,0.008321072714425254
0.08347368129916338,-0.005151810650761894
0.12109259248684016,-0.01859049400818099
0.1587748187715478,-0.03205179555187605
0.19644433717353316,-0.045508557431698446
0.23409391814456446,-0.058958197020814035
0.27176702881367043,-0.07241624217383189
0.3094347061622765,-0.08587234637025443
0.34711616909257526,-0.09933337521923649
0.38478088286318396,-0.11278842073041127
0.4224435757127942,-0.12624274430369548
0.46011327379405564,-0.13969957037072642
0.4977832412058882,-0.15315649265128797
0.5354475507922972,-0.16661139377488463
0.5731115908597921,-0.18006619861766848
0.6107874856159624,-0.19352523833600774
0.648463919409961,-0.2069844706159726
0.6861218972794895,-0.22043710984693127
0.6861218972794895,-0.22043710984693127
0.6861218972794895,-0.22043710984693127
0.6861218972794895,-0.22043710984693127
0.6861218972794895,-0.22043710984693127
0.6861218972794895,-0.22043710984693127
0.6861218972794895,-0.22043710984693127
0.6861218972794895,-0.22043710984693127
0.6861218972794895,-0.22043710984693127
0.6861218972794895,-0.22043710984693127
0.6861218972794895,-0.22043710984693127
0.6861218972794895,-0.22043710984693127
0.6861218972794895,-0.22043710984693127
0.6861218972794895,-0.22043710984693127
0.6861218972794895,-0.22043710984693127
0.6861218972794895,-0.22043710984693127
0.6861218972794895,-0.22043710984693127
0.6861218972794895,-0.22043710984693127
0.7010988912848997,-0.18335524280160329
0.716083064042021,-0.14625560172789487
0.7310576294280537,-0.10917974775440409
0.7460541415939018,-0.07204955526873295
0.7610166354121606,-0.03500358955393148
0.7759935936904637,0.002078189033870935
0.790973069868462,0.03916620174460168
0.8059527425080988,0.07625470087900024
0.8209333973061287,0.1133456317608468
0.8359113555689287,0.1504298862321372
0.8509121714655226,0.18757073441889593
0.865873629497278,0.2246141356072383
0.8808551949994871,0.2617073213214817
0.8958331532622871,0.29879157579277216
0.9108133437577257,0.3358813570976775
0.9257929450180481,0.3729696795024705
0.9407745462473641,0.4100629536742395
0.9557528438053308,0.44714804821385445
0.9707342843001153,0.4842409244194812
0.9857139748407553,0.5213294678753653
1.000693843867131,0.5584184532479861
1.0156754093693399,0.5955116389622296
1.0306673143861818,0.6326304245069052
1.0456540049680987,0.6697362995180964
1.0606276060967414,0.7068097660656247
1.0606276060967414,0.7068097660656247
1.0606276060967414,0.7068097660656247
1.0606276060967414,0.7068097660656247
1.0606276060967414,0.7068097660656247
1.0606276060967414,0.7068097660656247
1.0606276060967414,0.7068097660656247
1.0606276060967414,0.7068097660656247
1.0606276060967414,0.7068097660656247
1.0606276060967414,0.7068097660656247
1.0606276060967414,0.7068097660656247
1.0606276060967414,0.7068097660656247
1.0606276060967414,0.7068097660656247
1.0606276060967414,0.7068097660656247
1.0606276060967414,0.7068097660656247
1.0606276060967414,0.7068097660656247
1.0606276060967414,0.7068097660656247
1.0606276060967414,0.7068097660656247
1.0241824289214816,0.7232924038844767
0.9877383813898035,0.7397745308125203
0.9512919878294962,0.7562577187517376
0.9148203080386003,0.7727523426013524
0.8784043707553505,0.7892217564331855
0.8419603665944052,0.8057038637464505
0.8055152763428408,0.8221864622533303
0.7690667104190653,0.8386706326621919
0.7326062833287952,0.8551601673833328
0.696179006421224,0.871634709655612
0.6597277032210743,0.8881201180207297
0.6232814833259281,0.9046032274184177
0.5868394778632899,0.9210844308035678
0.550373142148484,0.9375766377498365
0.5139461258297694,0.9540510621686141
0.4774994714983755,0.970534368043748
0.44104834214561695,0.9870196977849214
0.4045854821030221,1.003510332829208
0.36810311434217624,1.0200097904031002
0.3317147223944489,1.0364667466253343
0.2952671122668642,1.052950484767332
0.25881971935740333,1.069434124670607
0.22237402082220026,1.085916998278877
0.18593310145018122,1.1023977104704124
0.1494851438100444,1.1188816057778839
0.11303483995904834,1.135366562178944
0.11303483995904834,1.135366562178944
0.11303483995904834,1.135366562178944
0.11303483995904834,1.135366562178944
0.11303483995904834,1.135366562178944
0.11303483995904834,1.135366562178944
0.11303483995904834,1.135366562178944
0.11303483995904834,1.135366562178944
0.11303483995904834,1.135366562178944
0.11303483995904834,1.135366562178944
0.11303483995904834,1.135366562178944
0.11303483995904834,1.135366562178944
0.11303483995904834,1.135366562178944
0.11303483995904834,1.135366562178944
0.11303483995904834,1.135366562178944
0.11303483995904834,1.135366562178944
0.11303483995904834,1.135366562178944
0.11303483995904834,1.135366562178944
0.08897215994753,1.1034189689583
0.06486963249177058,1.0714184709930938
0.040818485018544196,1.039486189318877
0.016753337960235235,1.007535320643991
-0.007289403769699967,0.9756141991259685
-0.03135764922604133,0.9436592167630008
-0.05542176352511487,0.9117097192642237
-0.07951809454578788,0.8797174481959161
-0.10358306953772067,0.8477668079705042
-0.12764115934775783,0.8158253090789065
-0.15171221622429443,0.7838665940432388
-0.17577612969904502,0.7519173631753513
-0.19981078154179915,0.7200069824569711
-0.22387951467997452,0.6880513526074872
-0.24794778877393653,0.6560963322228588
-0.2720408779678216,0.6241083652704461
-0.2961053652779204,0.5921583725315505
-0.3201698812256399,0.5602083417709941
-0.3442033567600769,0.5282995228162911
-0.36827120056777235,0.4963450737151028
-0.39239492852629393,0.46431642821861596
-0.41639615882183695,0.43245042069534934
-0.44046509278433527,0.4004945242149758
-0.4645369240798908,0.36853478099692
-0.4885974525397502,0.33659004435323103
-0.4885974525397502,0.33659004435323103
-0.4885974525397502,0.33659004435323103
-0.4885974525397502,0.33659004435323103
-0.4885974525397502,0.33659004435323103
-0.4885974525397502,0.33659004435323103
-0.4885974525397502,0.33659004435323103
-0.4885974525397502,0.33659004435323103
-0.4885974525397502,0.33659004435323103
-0.4885974525397502,0.33659004435323103
-0.4885974525397502,0.33659004435323103
-0.4885974525397502,0.33659004435323103
-0.4885974525397502,0.33659004435323103
-0.4885974525397502,0.33659004435323103
-0.4885974525397502,0.33659004435323103
-0.4885974525397502,0.33659004435323103
-0.4885974525397502,0.33659004435323103
-0.4885974525397502,0.33659004435323103
-0.45764883689359454,0.3112365041387467
-0.4267175580950464,0.28589716651309655
-0.3957621553371478,0.26053806620143427
-0.36482268757088776,0.23519202005852527
-0.3338823346906228,0.20984524881780334
-0.3029381453880575,0.18449533472609958
-0.2719914110539627,0.1591433357088544
-0.2410538245997634,0.13379883076318452
-0.21010081958646332,0.10844169471754297
-0.17913851909691025,0.08307694368731901
-0.14823058929947974,0.057756733891022226
-0.11725899348838688,0.03238436800295903
-0.08634320689240513,0.007057721807040923
-0.055370172403610515,-0.01831582266598335
-0.02445623014324362,-0.043640957956285684
0.006514738615400039,-0.06901281015418356
0.037481465448543486,-0.09438118730718811
0.06844166338621283,-0.11974421589740551
0.09935663851165519,-0.14507019732527104
0.13029533162910864,-0.17041560886500765
0.16120447855499165,-0.1957368157500117
0.19214029447175476,-0.22107987024656933
0.22308492640867905,-0.24643014695055115
0.25402679176482446,-0.27177815723273774
0.2850532747005776,-0.2971954874235097
0.31591391595563023,-0.3224769577823282
0.31591391595563023,-0.3224769577823282
0.31591391595563023,-0.3224769577823282
0.31591391595563023,-0.3224769577823282
0.31591391595563023,-0.3224769577823282
0.31591391595563023,-0.3224769577823282
0.31591391595563023,-0.3224769577823282
0.31591391595563023,-0.3224769577823282
0.31591391595563023,-0.3224769577823282
0.31591391595563023,-0.3224769577823282
0.31591391595563023,-0.3224769577823282
0.31591391595563023,-0.3224769577823282
0.31591391595563023,-0.3224769577823282
0.31591391595563023,-0.3224769577823282
0.31591391595563023,-0.3224769577823282
0.31591391595563023,-0.3224769577823282
0.31591391595563023,-0.3224769577823282
0.31591391595563023,-0.3224769577823282
0.3424989455251574,-0.2925986950824526
0.3690912019599536,-0.26271231028594966
0.39570434689240797,-0.23280244941924697
0.42227203818061915,-0.20294367278849795
0.44885735292143353,-0.17306508959160685
0.47544761249248424,-0.14318094902129172
0.5020289018644247,-0.11330688983775042
0.5286594483609609,-0.0833774717799727
0.5552222265932657,-0.05352421681225765
0.5818072878041758,-0.023645918551407828
0.6084018581812816,0.006243066828104334
0.6349848908870632,0.03611908530179215
0.6615800000983075,0.06600867626377696
0.6881648077793133,0.0958866895885855
0.7147533872992887,0.12576894199070254
0.7413729033172565,0.15568596316415434
0.7679258870791313,0.1855282103667757
0.7945544050705392,0.2154553486373914
0.8211360112551499,0.2453297638789224
0.8476988529031675,0.27518309011800174
0.8742841043612161,0.3050616021929444
0.9008723987099042,0.334943534098046
0.9274627851123806,0.3648278172110897
0.9540616028798286,0.3947215761284346
0.9806414975049279,0.4245940677902092
0.9806414975049279,0.4245940677902092
0.9806414975049279,0.4245940677902092
0.9806414975049279,0.4245940677902092
0.9806414975049279,0.4245940677902092
0.9806414975049279,0.4245940677902092
0.9806414975049279,0.4245940677902092
0.9806414975049279,0.4245940677902092
0.9806414975049279,0.4245940677902092
0.9806414975049279,0.4245940677902092
0.9806414975049279,0.4245940677902092
0.9806414975049279,0.4245940677902092
0.9806414975049279,0.4245940677902092
0.9806414975049279,0.4245940677902092
0.9806414975049279,0.4245940677902092
0.9806414975049279,0.4245940677902092
0.9806414975049279,0.4245940677902092
0.9806414975049279,0.4245940677902092
0.9518889986039607,0.45235400240836027
0.9231125554069393,0.48013705474213086
0.8943659568616646,0.507891292690618
0.8655576104782471,0.535705146881699
0.836746451181403,0.5635217168816937
0.8079486019290308,0.591325436312923
0.7792291040420527,0.619053509144249
0.750458869829844,0.6468305668334134
0.7216793391905563,0.6746166000279343
0.6929030331140716,0.7023995199747026
0.6641293684424301,0.7301798897004972
0.6353310732965178,0.757984039632587
0.6065662591584152,0.7857558643538857
0.5777887525218472,0.8135399434162333
0.5490169059562956,0.8413185577987321
0.5202408742647677,0.8691012128325798
0.49147060580839563,0.8968783035837659
0.46269268752245096,0.9246627800849525
0.4339077024210107,0.9524540794482769
0.4051095443956353,0.9802580969933644
0.37636095637957057,1.0080142557341711
0.34758492468804264,1.035796910768019
0.31880745229563806,1.063580956768345
0.29002603491805057,1.091368811569121
0.2612264360479155,1.1191742202196029
0.23244776309542756,1.1469594253355082
0.23244776309542756,1.1469594253355082
0.23244776309542756,1.1469594253355082
0.23244776309542756,1.1469594253355082
0.23244776309542756,1.1469594253355082
0.23244776309542756,1.1469594253355082
0.23244776309542756,1.1469594253355082
0.23244776309542756,1.1469594253355082
0.23244776309542756,1.1469594253355082
0.23244776309542756,1.1469594253355082
0.23244776309542756,1.1469594253355082
0.23244776309542756,1.1469594253355082
0.23244776309542756,1.1469594253355082
0.23244776309542756,1.1469594253355082
0.23244776309542756,1.1469594253355082
0.23244776309542756,1.1469594253355082
0.23244776309542756,1.1469594253355082
0.23244776309542756,1.1469594253355082
0.1990342659290146,1.1249676508579765
0.16565040276897097,1.1029953806059885
0.13220209333411495,1.080980693724142
0.0987958054057736,1.058993664153647
0.06540274145835584,1.0370153382158402
0.03198808905635636,1.0150228033964515
-0.0014102726026570742,0.9930409906617351
-0.034861250523127475,0.9710245474616698
-0.0682436000990187,0.9490532734059545
-0.1016469405477573,0.9270681837792606
-0.13510186180601286,0.9050491451910253
-0.1684726206017171,0.8830854998436317
-0.20188962306864727,0.8610914182810898
-0.23532630179543415,0.8390843863869147
-0.2687105632319258,0.8171118540011615
-0.3021355716568859,0.7951125031540969
-0.3355930818791161,0.7730917605864315
-0.3689571491627187,0.7511325193941707
-0.40235614799722413,0.729150287289412
-0.4357703621948934,0.7071580408831384
-0.469193896796521,0.685159660062952
-0.5026281459367374,0.6631542272507187
-0.5360127261280374,0.6411814850699888
-0.5694238334686998,0.6191912835050046
-0.6028327502888979,0.5972025236757297
-0.6028327502888979,0.5972025236757297
-0.6028327502888979,0.5972025236757297
-0.6028327502888979,0.5972025236757297
-0.6028327502888979,0.5972025236757297
-0.6028327502888979,0.5972025236757297
-0.6028327502888979,0.5972025236757297
-0.6028327502888979,0.5972025236757297
-0.6028327502888979,0.5972025236757297
-0.6028327502888979,0.5972025236757297
-0.6028327502888979,0.5972025236757297
-0.6028327502888979,0.5972025236757297
-0.6028327502888979,0.5972025236757297
-0.6028327502888979,0.5972025236757297
-0.6028327502888979,0.5972025236757297
-0.6028327502888979,0.5972025236757297
-0.6028327502888979,0.5972025236757297
-0.6028327502888979,0.5972025236757297
